# using minimal fraction of valid points 30.00
# tas [K] from Multi-model mean of historical+rcp60 experiments of bcc-csm1-1 bcc-csm1-1-m CCSM4 CESM1-CAM5 CSIRO-Mk3-6-0 FIO-ESM GFDL-CM3 GFDL-ESM2G GFDL-ESM2M GISS-E2-H GISS-E2-H GISS-E2-H GISS-E2-R GISS-E2-R GISS-E2-R HadGEM2-AO HadGEM2-ES IPSL-CM5A-LR IPSL-CM5A-MR MIROC5 MIROC-ESM MIROC-ESM-CHEM MRI-CGCM3 NorESM1-M NorESM1-ME
# cutting out region lon=    0.000  360.000, lat=  -90.000   90.000
 1861   284.9358       285.2207       285.9488       286.8521       287.7878       288.4769       288.7824       288.5678       287.8152       286.7469       285.7378       285.0796    
 1862   284.9474       285.2864       285.9717       286.8799       287.7866       288.4732       288.7654       288.5751       287.8373       286.7499       285.6815       285.0150    
 1863   284.9308       285.2431       285.9354       286.8494       287.7761       288.4546       288.7595       288.5584       287.8171       286.7579       285.6675       285.0579    
 1864   284.9479       285.2390       285.9474       286.8656       287.7847       288.4518       288.7658       288.5721       287.8204       286.7637       285.6907       285.0546    
 1865   284.9391       285.2797       285.9196       286.8473       287.7921       288.4615       288.7654       288.5627       287.8304       286.7630       285.7138       285.0810    
 1866   284.9417       285.2196       285.9253       286.8417       287.7931       288.4998       288.7842       288.5869       287.8565       286.7934       285.7331       285.1042    
 1867   284.9724       285.2749       285.9634       286.9052       287.8167       288.5185       288.8096       288.6035       287.8479       286.8187       285.7271       285.0909    
 1868   284.9737       285.2623       285.9473       286.9030       287.8300       288.5054       288.8149       288.6187       287.8752       286.7992       285.7840       285.1452    
 1869   285.0180       285.3407       286.0132       286.9417       287.8624       288.5390       288.8515       288.6377       287.9071       286.8512       285.7979       285.1575    
 1870   285.0079       285.3246       285.9843       286.9233       287.8389       288.5611       288.8356       288.6419       287.9197       286.8554       285.8076       285.1696    
 1871   285.0610       285.3513       286.0046       286.9320       287.8571       288.5319       288.8282       288.6568       287.9101       286.8401       285.7835       285.1307    
 1872   284.9990       285.3099       286.0000       286.9187       287.8495       288.5365       288.8295       288.6432       287.9045       286.8520       285.8175       285.1860    
 1873   285.0197       285.3509       286.0426       286.9753       287.8849       288.5760       288.8674       288.6968       287.9593       286.8982       285.8526       285.1808    
 1874   285.0454       285.3387       286.0510       286.9927       287.8945       288.5940       288.8837       288.6548       287.9366       286.8459       285.8296       285.1982    
 1875   285.0266       285.3400       286.0726       286.9699       287.9243       288.5936       288.8648       288.6436       287.9291       286.8654       285.7798       285.1238    
 1876   284.9716       285.2731       286.0040       286.8932       287.8497       288.5577       288.8467       288.6243       287.8910       286.8383       285.7790       285.1281    
 1877   284.9990       285.3167       285.9885       286.9573       287.8839       288.5670       288.8386       288.6497       287.9122       286.8170       285.7622       285.1411    
 1878   285.0126       285.2971       286.0171       286.9166       287.8395       288.5432       288.8441       288.6391       287.8794       286.8165       285.7424       285.1001    
 1879   284.9832       285.3177       286.0049       286.9518       287.8737       288.5691       288.8898       288.6397       287.9064       286.8237       285.8109       285.1447    
 1880   285.0352       285.3234       286.0222       286.9394       287.8834       288.5710       288.8840       288.6671       287.9359       286.8427       285.8030       285.1807    
 1881   285.0252       285.3475       286.0770       286.9770       287.8949       288.5675       288.8690       288.6898       287.9500       286.8989       285.8654       285.2282    
 1882   285.0854       285.3973       286.0281       286.9517       287.8780       288.5937       288.8722       288.6866       287.9345       286.8865       285.8165       285.1693    
 1883   285.0281       285.3351       285.9994       286.9418       287.8733       288.5703       288.8587       288.6581       287.9100       286.8075       285.7032       285.0161    
 1884   284.8176       285.1217       285.7887       286.6557       287.5530       288.2211       288.4514       288.2708       287.5048       286.4398       285.3731       284.7497    
 1885   284.6474       284.9453       285.6006       286.5826       287.5230       288.2143       288.5430       288.3310       287.5861       286.5045       285.4844       284.8220    
 1886   284.6948       285.0497       285.7463       286.6563       287.6162       288.3281       288.6619       288.4606       287.7033       286.6163       285.5583       284.9048    
 1887   284.7196       285.1230       285.7888       286.6905       287.6118       288.3256       288.6194       288.4355       287.7082       286.6240       285.5665       284.9185    
 1888   284.8100       285.1195       285.8205       286.7577       287.7070       288.3975       288.6895       288.4913       287.7233       286.6522       285.5864       284.9609    
 1889   284.8319       285.1173       285.8253       286.7597       287.6941       288.4048       288.7003       288.5004       287.7590       286.6996       285.6825       285.0071    
 1890   284.8715       285.2088       285.8680       286.8188       287.7027       288.4010       288.6874       288.4776       287.7074       286.6468       285.5918       284.9401    
 1891   284.8126       285.1024       285.7937       286.7246       287.6447       288.3542       288.6391       288.4433       287.7202       286.6324       285.5898       284.9201    
 1892   284.8549       285.1291       285.8546       286.7791       287.7051       288.3996       288.6888       288.4949       287.7608       286.6642       285.6348       284.9921    
 1893   284.8824       285.1912       285.8944       286.8093       287.7628       288.4498       288.7310       288.5534       287.7989       286.7186       285.6637       285.0178    
 1894   284.9044       285.2143       285.8973       286.8509       287.8020       288.4868       288.7793       288.5732       287.8390       286.7759       285.7520       285.1236    
 1895   284.9766       285.3289       285.9715       286.9356       287.8426       288.5310       288.8210       288.6491       287.8754       286.8242       285.7791       285.1552    
 1896   284.9892       285.3240       286.0331       286.9342       287.8647       288.5435       288.8098       288.5988       287.8508       286.7786       285.7591       285.0815    
 1897   284.9333       285.2495       285.9303       286.8976       287.8302       288.5199       288.7989       288.6186       287.8603       286.7989       285.7404       285.0782    
 1898   284.9451       285.2568       285.9604       286.8925       287.8024       288.4943       288.8099       288.6095       287.8665       286.8036       285.7901       285.1650    
 1899   285.0161       285.3167       286.0128       286.9331       287.8536       288.5321       288.8669       288.6415       287.9064       286.8289       285.8104       285.1839    
 1900   285.0262       285.3580       286.0397       286.9500       287.8877       288.5626       288.8510       288.6461       287.8940       286.8414       285.7959       285.1520    
 1901   285.0439       285.3220       285.9918       286.9428       287.8636       288.5457       288.8808       288.6462       287.8988       286.8501       285.8286       285.1723    
 1902   285.0870       285.3873       286.0384       286.9117       287.8535       288.5447       288.8396       288.6520       287.8867       286.8309       285.7438       285.0354    
 1903   284.8951       285.1651       285.8635       286.7507       287.6623       288.3195       288.5931       288.3758       287.6473       286.5643       285.5531       284.8983    
 1904   284.8035       285.1183       285.7759       286.7037       287.6639       288.3711       288.6669       288.4625       287.7202       286.6514       285.6198       284.9911    
 1905   284.8444       285.1631       285.8649       286.8073       287.7640       288.4423       288.7572       288.5416       287.8077       286.7315       285.6957       285.0779    
 1906   284.9674       285.1954       285.9354       286.8487       287.8099       288.4889       288.7856       288.5645       287.8432       286.7842       285.7524       285.0807    
 1907   285.0128       285.3093       285.9794       286.8620       287.8156       288.4930       288.7902       288.5855       287.8354       286.8052       285.7489       285.1323    
 1908   285.0260       285.3323       286.0060       286.9270       287.8537       288.5172       288.7886       288.5934       287.8412       286.7827       285.7303       285.1357    
 1909   284.9871       285.2781       286.0037       286.9318       287.8744       288.5510       288.8216       288.6088       287.8722       286.8239       285.7915       285.1043    
 1910   284.9995       285.3336       286.0259       286.9477       287.8653       288.5629       288.8728       288.6603       287.9259       286.8459       285.8239       285.1844    
 1911   285.0710       285.3952       286.0445       286.9781       287.8900       288.5883       288.8716       288.6544       287.9226       286.8401       285.8203       285.1803    
 1912   285.0348       285.3393       286.0330       286.9602       287.8892       288.5561       288.8242       288.5944       287.8401       286.7719       285.7422       285.0930    
 1913   284.9786       285.2990       285.9508       286.8865       287.7790       288.4490       288.7552       288.5544       287.8267       286.7319       285.7019       285.0855    
 1914   284.9825       285.2992       285.9720       286.9342       287.8515       288.5185       288.8189       288.6371       287.8795       286.8254       285.7902       285.1922    
 1915   285.0311       285.3603       286.0661       286.9694       287.8922       288.5885       288.8887       288.6933       287.9110       286.8392       285.8259       285.1820    
 1916   285.0406       285.3742       286.0727       286.9639       287.9111       288.5791       288.8822       288.6816       287.9328       286.8465       285.8201       285.1866    
 1917   285.0610       285.3723       286.0741       286.9989       287.9362       288.6217       288.8845       288.6911       287.9461       286.9125       285.8587       285.2356    
 1918   285.1068       285.4148       286.1020       287.0283       287.9401       288.6366       288.9566       288.7899       288.0288       286.9568       285.9284       285.2637    
 1919   285.1121       285.3736       286.0594       286.9799       287.9051       288.6052       288.9211       288.7388       287.9772       286.9258       285.9001       285.2427    
 1920   285.1173       285.4429       286.0985       287.0138       287.9276       288.6551       288.9338       288.7387       288.0015       286.9419       285.9308       285.2711    
 1921   285.1858       285.4856       286.1747       287.0737       287.9781       288.6555       288.9443       288.7555       288.0117       286.9249       285.8861       285.2958    
 1922   285.1513       285.4500       286.1355       287.0630       287.9683       288.6497       288.9515       288.7603       288.0523       286.9844       285.9102       285.2810    
 1923   285.1335       285.4548       286.1302       287.0801       287.9901       288.6810       288.9756       288.7748       288.0373       286.9569       285.9217       285.2511    
 1924   285.1433       285.4419       286.1462       287.0582       288.0107       288.6821       288.9819       288.7597       288.0284       286.9837       285.9690       285.3502    
 1925   285.2350       285.5533       286.2131       287.0797       288.0326       288.6970       288.9870       288.7841       288.0365       286.9911       285.9139       285.3127    
 1926   285.1712       285.5135       286.1783       287.0611       287.9994       288.6943       288.9994       288.7900       288.0491       287.0211       285.9680       285.3249    
 1927   285.2063       285.5138       286.2324       287.1412       288.0377       288.7291       289.0264       288.8103       288.0761       287.0056       285.9781       285.3254    
 1928   285.2136       285.4691       286.1633       287.0893       287.9978       288.7010       289.0032       288.7960       288.0696       287.0049       285.9773       285.3465    
 1929   285.1730       285.4672       286.1417       287.0656       287.9783       288.6561       288.9775       288.7720       288.0519       286.9795       285.9356       285.3160    
 1930   285.1727       285.4778       286.1648       287.0830       287.9804       288.6844       288.9693       288.7776       288.0480       287.0113       285.9550       285.3162    
 1931   285.1874       285.4697       286.1643       287.0883       287.9935       288.6529       288.9793       288.7876       288.0677       286.9890       285.9746       285.3474    
 1932   285.2171       285.5262       286.1642       287.1023       288.0502       288.7321       289.0033       288.8291       288.0769       287.0203       285.9741       285.3628    
 1933   285.2265       285.4848       286.1729       287.0888       288.0037       288.6961       288.9827       288.7815       288.0575       286.9585       285.9118       285.2638    
 1934   285.1330       285.4677       286.1436       287.0741       287.9811       288.6570       288.9661       288.7738       288.0410       287.0161       286.0078       285.3546    
 1935   285.2421       285.5150       286.2181       287.1169       288.0302       288.7063       289.0157       288.8112       288.0938       287.0212       285.9689       285.3425    
 1936   285.2116       285.5234       286.1774       287.1044       288.0435       288.7297       289.0491       288.8544       288.1125       287.0645       286.0060       285.3676    
 1937   285.2563       285.6090       286.2294       287.1713       288.1032       288.7940       289.0772       288.8734       288.1201       287.0606       286.0243       285.3924    
 1938   285.2704       285.5583       286.2368       287.1389       288.0715       288.7664       289.0642       288.8559       288.0963       287.0320       286.0113       285.3556    
 1939   285.2145       285.5040       286.2283       287.1375       288.0427       288.7237       289.0323       288.8270       288.0877       287.0461       286.0113       285.4003    
 1940   285.2431       285.6050       286.2334       287.1396       288.0235       288.7169       289.0286       288.8423       288.0891       287.0277       286.0204       285.3719    
 1941   285.2480       285.5406       286.2480       287.1387       288.0779       288.7337       289.0540       288.8490       288.1128       287.0611       286.0764       285.3975    
 1942   285.2765       285.5642       286.2278       287.1660       288.0681       288.7423       289.0486       288.8311       288.1203       287.0572       286.0314       285.3900    
 1943   285.2652       285.5609       286.2297       287.1252       288.0397       288.7326       289.0278       288.8051       288.0970       287.0508       286.0104       285.3984    
 1944   285.2827       285.5499       286.2003       287.0872       288.0294       288.7132       289.0151       288.8134       288.1063       287.0680       286.0199       285.3923    
 1945   285.2665       285.5495       286.2261       287.1510       288.0511       288.7378       289.0292       288.8274       288.1247       287.0597       286.0687       285.4206    
 1946   285.2988       285.5667       286.2811       287.1660       288.0804       288.7484       289.0594       288.8419       288.1097       287.0697       286.0140       285.3943    
 1947   285.2744       285.5919       286.2603       287.1482       288.0715       288.7498       289.0411       288.8417       288.1060       287.0431       286.0114       285.3740    
 1948   285.2413       285.5556       286.2445       287.1456       288.0969       288.7580       289.0812       288.8631       288.1473       287.1004       286.0888       285.3943    
 1949   285.3037       285.6142       286.2961       287.1839       288.1195       288.7874       289.0812       288.8905       288.1369       287.1003       286.0763       285.4118    
 1950   285.2787       285.5959       286.2397       287.1717       288.0611       288.7604       289.0448       288.8370       288.1104       287.0605       286.0030       285.4126    
 1951   285.2847       285.5517       286.2148       287.1513       288.0750       288.7328       289.0368       288.8427       288.1104       287.0746       286.0462       285.3942    
 1952   285.2704       285.5734       286.2530       287.1491       288.0987       288.7535       289.0311       288.7997       288.0695       287.0486       286.0144       285.4249    
 1953   285.2527       285.6111       286.2409       287.1247       288.0502       288.7040       289.0002       288.7824       288.0715       287.0103       285.9853       285.3691    
 1954   285.2349       285.5430       286.2344       287.1245       288.0738       288.7287       289.0305       288.8317       288.0757       287.0536       286.0060       285.3717    
 1955   285.2625       285.5676       286.2529       287.1542       288.0600       288.7204       289.0122       288.8218       288.0839       287.0375       286.0296       285.3882    
 1956   285.2833       285.5772       286.2153       287.1485       288.0638       288.7379       289.0565       288.8554       288.1268       287.0866       286.0492       285.4270    
 1957   285.2973       285.6240       286.2746       287.1585       288.0653       288.7526       289.0585       288.8596       288.1498       287.0840       286.0366       285.4292    
 1958   285.2965       285.5998       286.2650       287.1841       288.0872       288.7625       289.0555       288.8911       288.1313       287.1086       286.0800       285.4316    
 1959   285.3119       285.6151       286.2478       287.1647       288.1091       288.7540       289.0543       288.8599       288.1567       287.1009       286.0920       285.4468    
 1960   285.3005       285.5906       286.2684       287.2100       288.1162       288.7819       289.1122       288.8968       288.1600       287.1193       286.0950       285.4908    
 1961   285.3422       285.6465       286.3380       287.2080       288.1041       288.7940       289.0818       288.8674       288.1263       287.0943       286.0674       285.4410    
 1962   285.2875       285.5878       286.2477       287.1671       288.0615       288.7463       289.0176       288.8027       288.0931       287.0532       286.0470       285.4034    
 1963   285.2482       285.5391       286.2245       287.1234       288.0279       288.6810       288.9613       288.7454       288.0023       286.9382       285.9188       285.2542    
 1964   285.0612       285.3516       286.0400       286.9460       287.8344       288.4907       288.8039       288.6136       287.8932       286.8365       285.8347       285.1856    
 1965   285.0894       285.3612       286.0524       286.9813       287.8753       288.5688       288.8386       288.6570       287.9183       286.8737       285.8504       285.2388    
 1966   285.1574       285.4273       286.0773       287.0349       287.9143       288.6396       288.9073       288.7108       287.9724       286.9276       285.9048       285.2657    
 1967   285.1329       285.4738       286.1432       287.0966       287.9941       288.6554       288.9285       288.7629       288.0122       286.9425       285.9504       285.3357    
 1968   285.1572       285.4957       286.1843       287.0665       287.9717       288.6345       288.9110       288.7479       287.9926       286.9493       285.9176       285.2899    
 1969   285.1859       285.4471       286.1150       287.0395       287.9472       288.6137       288.9094       288.7079       287.9771       286.9407       285.9456       285.3397    
 1970   285.2112       285.5114       286.1746       287.0697       288.0097       288.6930       288.9784       288.7579       288.0478       286.9872       286.0037       285.3290    
 1971   285.2599       285.5550       286.2062       287.1158       288.0346       288.7184       289.0031       288.8089       288.0921       287.0590       286.0015       285.3768    
 1972   285.2508       285.5779       286.2433       287.1567       288.0709       288.7555       289.0425       288.8077       288.0786       287.0352       286.0352       285.3985    
 1973   285.2971       285.5766       286.2622       287.1667       288.1036       288.7481       289.0347       288.8326       288.0742       287.0542       286.0503       285.4328    
 1974   285.3106       285.6003       286.2629       287.1922       288.0904       288.7566       289.0484       288.8424       288.1062       287.0924       286.0789       285.4054    
 1975   285.2855       285.5988       286.2856       287.1704       288.0544       288.7128       289.0150       288.8083       288.0718       287.0457       286.0013       285.3793    
 1976   285.2625       285.5912       286.2723       287.1609       288.0857       288.7745       289.0489       288.8538       288.1241       287.0860       286.0520       285.4386    
 1977   285.3163       285.6284       286.2975       287.2122       288.1264       288.8271       289.0901       288.8839       288.1570       287.1174       286.0996       285.5003    
 1978   285.3815       285.6706       286.3508       287.2701       288.1800       288.8430       289.1204       288.9144       288.2048       287.1532       286.1489       285.5053    
 1979   285.4231       285.7170       286.4057       287.2796       288.1653       288.8617       289.1671       288.9538       288.2503       287.2027       286.2020       285.5581    
 1980   285.4059       285.7050       286.4073       287.3090       288.2289       288.9160       289.2140       289.0020       288.2665       287.2362       286.2109       285.6140    
 1981   285.4839       285.7378       286.4535       287.3363       288.2626       288.9570       289.2293       289.0440       288.3234       287.2659       286.2513       285.5946    
 1982   285.5017       285.7909       286.4909       287.3490       288.2372       288.8906       289.1958       288.9601       288.1982       287.1199       286.1329       285.4663    
 1983   285.3753       285.6589       286.2911       287.1931       288.0668       288.7191       289.0361       288.8373       288.1136       287.0539       286.1089       285.4702    
 1984   285.3568       285.6308       286.3333       287.2534       288.1557       288.8272       289.1385       288.9397       288.1855       287.1628       286.1573       285.5255    
 1985   285.4182       285.7476       286.3729       287.2760       288.2027       288.8766       289.1510       288.9606       288.2295       287.2239       286.1954       285.5650    
 1986   285.4235       285.7480       286.4071       287.3122       288.2291       288.9073       289.2030       289.0199       288.2852       287.2503       286.2492       285.6309    
 1987   285.5458       285.7945       286.4794       287.3707       288.2899       288.9723       289.2465       289.0567       288.3482       287.3260       286.3104       285.6855    
 1988   285.5919       285.8665       286.5296       287.4206       288.3242       289.0135       289.3048       289.1075       288.4049       287.3645       286.3571       285.6847    
 1989   285.5808       285.7924       286.5127       287.4328       288.3494       289.0541       289.3597       289.1361       288.4534       287.4105       286.3730       285.7493    
 1990   285.6234       285.9320       286.6243       287.5068       288.4276       289.0822       289.3918       289.1858       288.4622       287.4433       286.4313       285.8056    
 1991   285.6436       285.9205       286.5944       287.5030       288.3960       289.0602       289.3538       289.1231       288.3666       287.3072       286.2399       285.5536    
 1992   285.3560       285.6581       286.3082       287.1814       288.0671       288.7409       289.0711       288.8631       288.1267       287.1214       286.1064       285.4656    
 1993   285.3666       285.6931       286.3487       287.2621       288.1942       288.8571       289.1742       288.9577       288.2534       287.2079       286.1617       285.5344    
 1994   285.4434       285.7364       286.3957       287.3055       288.2384       288.9223       289.2405       289.0575       288.3170       287.2819       286.2479       285.6152    
 1995   285.4930       285.8128       286.4452       287.3963       288.3319       288.9920       289.2906       289.1051       288.4109       287.3727       286.3671       285.7205    
 1996   285.5741       285.9305       286.5794       287.4796       288.4031       289.1009       289.3901       289.1935       288.4867       287.4783       286.4277       285.7827    
 1997   285.6490       285.9515       286.6229       287.5525       288.4722       289.1595       289.4501       289.2294       288.5174       287.5048       286.5199       285.8566    
 1998   285.6827       285.9904       286.6791       287.5838       288.5134       289.1972       289.4718       289.2792       288.5627       287.5469       286.5341       285.8362    
 1999   285.7299       286.0099       286.7227       287.5975       288.5228       289.2200       289.5116       289.3038       288.6120       287.5961       286.5922       285.9323    
 2000   285.7654       286.0576       286.7170       287.6348       288.5647       289.2590       289.5654       289.3791       288.6522       287.6323       286.6322       285.9720    
 2001   285.8438       286.1346       286.7894       287.7289       288.6322       289.3138       289.6324       289.4391       288.7133       287.6982       286.7034       286.0811    
 2002   285.9481       286.2310       286.8579       287.7523       288.6306       289.3253       289.6553       289.4672       288.7411       287.7437       286.7253       286.0870    
 2003   285.9495       286.2310       286.8604       287.7636       288.6670       289.3353       289.6404       289.4240       288.7417       287.7339       286.7314       286.0833    
 2004   285.9118       286.2028       286.8693       287.7695       288.6585       289.3456       289.6652       289.4759       288.7584       287.7631       286.7665       286.1448    
 2005   285.9640       286.2620       286.9273       287.8213       288.7129       289.4112       289.7037       289.5288       288.7870       287.7697       286.7828       286.1168    
 2006   286.0180       286.3084       286.9196       287.7793       288.7030       289.3837       289.6851       289.5171       288.8094       287.7937       286.8042       286.1483    
 2007   285.9984       286.2964       286.9359       287.8211       288.7122       289.3683       289.7207       289.5162       288.8206       287.7976       286.7797       286.1310    
 2008   286.0090       286.2808       286.9310       287.8288       288.7305       289.3886       289.7100       289.5146       288.8327       287.7994       286.8186       286.1841    
 2009   286.0439       286.3168       286.9611       287.8566       288.7731       289.4259       289.7303       289.5479       288.8634       287.8334       286.8210       286.1671    
 2010   286.0230       286.3079       286.9547       287.8449       288.7532       289.4244       289.7309       289.5479       288.8316       287.8256       286.8274       286.1450    
 2011   286.0204       286.3286       286.9327       287.8680       288.7868       289.4782       289.7522       289.5671       288.8904       287.8908       286.8683       286.2410    
 2012   286.0885       286.3456       287.0151       287.9040       288.8073       289.4907       289.7751       289.5763       288.8915       287.8938       286.8618       286.2359    
 2013   286.0630       286.3995       287.0130       287.9144       288.8267       289.4893       289.8430       289.6385       288.9443       287.9305       286.9308       286.3076    
 2014   286.1564       286.4327       287.0699       287.9845       288.8801       289.5285       289.8722       289.6500       288.9438       287.9668       286.9451       286.3094    
 2015   286.1567       286.4120       287.0727       287.9789       288.8823       289.5713       289.8722       289.6726       288.9550       287.9614       286.9800       286.3263    
 2016   286.1452       286.4162       287.0693       287.9566       288.8798       289.5689       289.8502       289.6967       288.9940       287.9892       286.9838       286.3468    
 2017   286.1782       286.4379       287.0919       287.9783       288.8910       289.5700       289.8789       289.6783       288.9847       288.0015       287.0005       286.3596    
 2018   286.2312       286.4766       287.1117       288.0013       288.9235       289.6121       289.9100       289.7043       288.9975       288.0121       287.0163       286.3539    
 2019   286.2194       286.5037       287.1288       288.0382       288.9298       289.5918       289.9164       289.7141       289.0548       288.0554       287.0710       286.3867    
 2020   286.2587       286.5274       287.1704       288.0405       288.9527       289.6337       289.9263       289.7722       289.0726       288.0819       287.0579       286.4071    
 2021   286.2538       286.5157       287.1769       288.0621       288.9783       289.6315       289.9313       289.7374       289.0203       288.0704       287.0476       286.3912    
 2022   286.2238       286.4647       287.1606       288.0643       288.9556       289.6272       289.9525       289.7605       289.0685       288.0800       287.0746       286.4478    
 2023   286.2946       286.6033       287.2445       288.0852       288.9860       289.6529       289.9846       289.7916       289.1068       288.1105       287.0827       286.4688    
 2024   286.2997       286.5781       287.2357       288.0901       289.0107       289.7007       290.0157       289.8284       289.1362       288.1338       287.1405       286.4889    
 2025   286.3557       286.6603       287.2772       288.1952       289.0577       289.7226       290.0610       289.8428       289.1659       288.1729       287.1561       286.5013    
 2026   286.3368       286.6264       287.2530       288.1883       289.0728       289.7536       290.0707       289.8730       289.1852       288.2048       287.1939       286.5498    
 2027   286.3890       286.6002       287.2395       288.1873       289.0747       289.7498       290.0697       289.9099       289.2158       288.2399       287.2512       286.5914    
 2028   286.4640       286.7036       287.3385       288.2354       289.1390       289.8154       290.1234       289.9177       289.2116       288.2148       287.2430       286.5864    
 2029   286.4529       286.7048       287.3618       288.2394       289.1066       289.7890       290.0941       289.9246       289.2265       288.2270       287.2306       286.5533    
 2030   286.4216       286.6619       287.2995       288.1917       289.0996       289.7896       290.1013       289.9192       289.2340       288.2439       287.2476       286.6166    
 2031   286.4705       286.7346       287.4136       288.2631       289.1621       289.8623       290.1515       289.9758       289.2665       288.2787       287.2911       286.6436    
 2032   286.4776       286.7435       287.3818       288.2712       289.1788       289.8586       290.1592       289.9733       289.2764       288.2760       287.2898       286.6077    
 2033   286.4605       286.7265       287.3731       288.2481       289.1699       289.8570       290.1813       289.9906       289.3017       288.3287       287.3020       286.6344    
 2034   286.5349       286.7848       287.3860       288.3170       289.2248       289.8947       290.2072       290.0127       289.3315       288.3309       287.3611       286.7009    
 2035   286.5355       286.8412       287.4719       288.3451       289.2249       289.8962       290.2141       290.0261       289.3435       288.3560       287.3699       286.7177    
 2036   286.5573       286.7939       287.4435       288.3436       289.2390       289.8793       290.2151       290.0058       289.3360       288.3704       287.3912       286.7503    
 2037   286.5381       286.8065       287.5004       288.3859       289.2284       289.9421       290.2492       290.0833       289.3824       288.4206       287.4124       286.7732    
 2038   286.6334       286.8918       287.5154       288.4249       289.3051       289.9702       290.2757       290.0868       289.3944       288.4214       287.4463       286.8147    
 2039   286.6572       286.9235       287.5443       288.4252       289.3268       289.9845       290.2892       290.1167       289.4424       288.4389       287.4824       286.8019    
 2040   286.5971       286.8704       287.5319       288.4250       289.3102       289.9808       290.3199       290.1276       289.4528       288.4687       287.4713       286.8213    
 2041   286.6888       286.9370       287.6195       288.4711       289.3730       290.0505       290.3701       290.1802       289.4941       288.5154       287.5555       286.9020    
 2042   286.7419       286.9968       287.6130       288.4897       289.4014       290.0594       290.3739       290.1850       289.5153       288.5260       287.5411       286.8838    
 2043   286.7405       286.9964       287.6263       288.4875       289.3998       290.0721       290.3784       290.2054       289.4968       288.5189       287.5319       286.8775    
 2044   286.7599       287.0099       287.6664       288.5221       289.3897       290.0945       290.4176       290.2175       289.5352       288.5378       287.5780       286.9355    
 2045   286.7513       286.9901       287.6791       288.5686       289.4490       290.1175       290.4391       290.2456       289.5652       288.5580       287.5848       286.9615    
 2046   286.7639       287.0462       287.6986       288.5556       289.4745       290.1305       290.4537       290.2967       289.6020       288.5947       287.6433       287.0027    
 2047   286.8445       287.0942       287.7002       288.5836       289.4778       290.1531       290.4724       290.3089       289.6172       288.6458       287.6479       286.9939    
 2048   286.8566       287.1046       287.7362       288.6106       289.4888       290.1548       290.4919       290.3133       289.6335       288.6554       287.6558       287.0174    
 2049   286.8741       287.1257       287.7433       288.6328       289.5093       290.1977       290.5031       290.3399       289.6331       288.6667       287.6865       287.0323    
 2050   286.8691       287.1147       287.7562       288.6526       289.5112       290.2091       290.5119       290.3282       289.6403       288.6636       287.6755       287.0543    
 2051   286.9288       287.1590       287.7896       288.6612       289.5237       290.2076       290.5424       290.3455       289.6593       288.6969       287.7215       287.0646    
 2052   286.9089       287.1920       287.8012       288.7062       289.5733       290.2413       290.5715       290.3806       289.7202       288.7585       287.7977       287.1589    
 2053   286.9958       287.2112       287.8534       288.7179       289.5940       290.2926       290.6137       290.4210       289.7330       288.8044       287.7806       287.1567    
 2054   287.0284       287.2363       287.8593       288.7500       289.6280       290.2837       290.6015       290.4352       289.7750       288.7806       287.8027       287.1452    
 2055   287.0095       287.2586       287.9087       288.7606       289.6538       290.3401       290.6458       290.4554       289.7869       288.8005       287.8360       287.1701    
 2056   287.0383       287.2963       287.9141       288.7734       289.6355       290.3165       290.6091       290.4518       289.7603       288.8195       287.8252       287.1518    
 2057   287.0259       287.2562       287.8635       288.7483       289.6393       290.3069       290.6457       290.4599       289.8270       288.8627       287.8817       287.2306    
 2058   287.0771       287.3253       287.9638       288.8267       289.7301       290.4030       290.7220       290.5533       289.8562       288.8860       287.9237       287.2560    
 2059   287.1159       287.3827       287.9915       288.8620       289.7540       290.4203       290.7404       290.5450       289.8763       288.9075       287.9227       287.2692    
 2060   287.0972       287.3616       287.9891       288.8865       289.7632       290.4271       290.7637       290.5820       289.9004       288.9370       287.9639       287.3547    
 2061   287.1450       287.4216       288.0323       288.8763       289.7585       290.4185       290.7466       290.5925       289.9317       288.9467       287.9774       287.3819    
 2062   287.1739       287.4207       288.0894       288.8977       289.8224       290.5074       290.8037       290.6098       289.9387       288.9666       287.9703       287.3614    
 2063   287.1701       287.4325       288.0332       288.9201       289.7856       290.4855       290.8052       290.6232       289.9331       288.9729       287.9979       287.3835    
 2064   287.2227       287.4499       288.0631       288.9112       289.8148       290.4939       290.8007       290.6696       289.9753       289.0093       288.0433       287.4105    
 2065   287.2326       287.4447       288.0894       288.9477       289.8183       290.5066       290.8393       290.6738       289.9910       289.0405       288.0897       287.4401    
 2066   287.2952       287.5598       288.1711       289.0156       289.8932       290.5863       290.9030       290.7282       290.0390       289.0967       288.1402       287.4951    
 2067   287.3302       287.5790       288.1494       289.0590       289.9056       290.5824       290.9142       290.7550       290.0550       289.0981       288.1564       287.5352    
 2068   287.3392       287.5902       288.2328       289.0795       289.9837       290.6487       290.9754       290.7858       290.1055       289.1532       288.2085       287.5421    
 2069   287.4093       287.6037       288.2286       289.1025       289.9717       290.6329       290.9725       290.8115       290.1281       289.1820       288.2307       287.5547    
 2070   287.3618       287.6151       288.2499       289.1034       289.9798       290.6857       291.0197       290.8646       290.1838       289.2209       288.2632       287.6319    
 2071   287.4833       287.7094       288.3535       289.1832       290.0649       290.7343       291.0405       290.8801       290.2090       289.2484       288.2878       287.6294    
 2072   287.4770       287.7010       288.3200       289.1749       290.0621       290.7455       291.0673       290.8901       290.1999       289.2479       288.3157       287.6641    
 2073   287.5233       287.7173       288.3397       289.2029       290.0532       290.7722       291.0992       290.9254       290.2467       289.2895       288.3625       287.6842    
 2074   287.5099       287.7715       288.3711       289.2089       290.1092       290.7889       291.1184       290.9595       290.2753       289.3132       288.3818       287.7798    
 2075   287.5779       287.8241       288.4110       289.2904       290.1706       290.8387       291.1544       290.9642       290.2984       289.3304       288.3476       287.7113    
 2076   287.5938       287.8099       288.4062       289.2598       290.1557       290.8353       291.1407       290.9835       290.3177       289.3659       288.4398       287.7905    
 2077   287.6354       287.8499       288.4414       289.3278       290.1845       290.8738       291.1951       291.0104       290.3560       289.4085       288.4350       287.7845    
 2078   287.6224       287.8708       288.5107       289.3430       290.2464       290.9102       291.2354       291.0707       290.4041       289.4541       288.4959       287.8717    
 2079   287.7231       287.9490       288.5593       289.3883       290.2632       290.9629       291.3119       291.1140       290.4347       289.4648       288.5442       287.9323    
 2080   287.7485       287.9804       288.5718       289.4202       290.2807       290.9713       291.2956       291.1404       290.4574       289.4840       288.5613       287.9042    
 2081   287.7279       287.9379       288.5268       289.3839       290.2856       290.9815       291.3021       291.1434       290.4875       289.5218       288.5914       287.9274    
 2082   287.7686       288.0067       288.5851       289.4651       290.3413       291.0129       291.3188       291.1764       290.4738       289.5363       288.6179       287.9363    
 2083   287.8019       288.0426       288.6519       289.4765       290.3539       291.0150       291.3384       291.1599       290.4903       289.5777       288.6262       288.0204    
 2084   287.8047       288.0179       288.6381       289.5346       290.3857       291.0718       291.4002       291.2555       290.5860       289.6573       288.7301       288.0699    
 2085   287.8730       288.0925       288.6966       289.5609       290.4461       291.1198       291.4407       291.2602       290.5850       289.6584       288.7113       288.0422    
 2086   287.8863       288.1134       288.7223       289.5719       290.4558       291.1360       291.4370       291.3033       290.6206       289.6590       288.7308       288.0857    
 2087   287.8779       288.0965       288.7493       289.6038       290.4747       291.1661       291.4510       291.3026       290.6575       289.6911       288.7336       288.1230    
 2088   287.9190       288.1383       288.7695       289.6008       290.4694       291.1327       291.4706       291.3381       290.6467       289.7069       288.7797       288.1483    
 2089   288.0049       288.2103       288.7981       289.6248       290.5009       291.1923       291.5102       291.3701       290.6819       289.7295       288.7903       288.1726    
 2090   288.0049       288.2469       288.8417       289.6750       290.5332       291.2337       291.5526       291.3999       290.7307       289.8018       288.8498       288.2477    
 2091   288.0560       288.2627       288.8813       289.7088       290.5720       291.2635       291.5813       291.4025       290.7209       289.7961       288.8296       288.2072    
 2092   288.0257       288.2334       288.8104       289.6671       290.5479       291.2163       291.5472       291.3976       290.7435       289.7743       288.8521       288.2402    
 2093   288.1219       288.3142       288.8447       289.6887       290.5463       291.2368       291.5616       291.4280       290.7529       289.8052       288.8482       288.2332    
 2094   288.0780       288.2546       288.8579       289.7230       290.6072       291.2576       291.6060       291.4318       290.7623       289.8414       288.9215       288.3215    
 2095   288.1528       288.3852       288.9598       289.7855       290.6391       291.3058       291.6503       291.4829       290.7965       289.8644       288.9103       288.3247    
 2096   288.0845       288.3184       288.8938       289.7740       290.6451       291.3228       291.6432       291.4724       290.8193       289.8520       288.9220       288.2804    
 2097   288.1313       288.3346       288.9190       289.7825       290.6529       291.3096       291.6361       291.4652       290.8022       289.8458       288.9485       288.3153    
 2098   288.1317       288.3376       288.9571       289.7746       290.6768       291.3764       291.7017       291.5429       290.8643       289.8982       288.9800       288.3893    
 2099   288.1994       288.4024       288.9942       289.8376       290.7025       291.3718       291.7122       291.5456       290.8592       289.9263       288.9766       288.3591    
 2100   288.1877       288.4003       289.0353       289.8588       290.7283       291.3847       291.7252       291.5821       290.8841       289.9447       289.0252       288.3987    
