# using minimal fraction of valid points 30.00
# tas [K] from Multi-model mean of historical+rcp45 experiments of ACCESS1-0 ACCESS1-3 bcc-csm1-1 bcc-csm1-1-m BNU-ESM CanESM2 CCSM4 CESM1-BGC CESM1-CAM5 CMCC-CM CMCC-CMS CNRM-CM5 CSIRO-Mk3-6-0 EC-EARTH FGOALS-g2 FIO-ESM GFDL-CM3 GFDL-ESM2G GFDL-ESM2M GISS-E2-H GISS-E2-H GISS-E2-H GISS-E2-H-CC GISS-E2-R GISS-E2-R GISS-E2-R GISS-E2-R-CC HadGEM2-AO HadGEM2-CC HadGEM2-ES inmcm4 IPSL-CM5A-LR IPSL-CM5A-MR IPSL-CM5B-LR MIROC5 MIROC-ESM MIROC-ESM-CHEM MPI-ESM-LR MPI-ESM-MR MRI-CGCM3 NorESM1-M NorESM1-ME
# cutting out region lon=    0.000  360.000, lat=  -90.000   90.000
 1861   284.8127       285.1036       285.8177       286.7428       287.6897       288.3911       288.6945       288.4760       287.7136       286.6448       285.6084       284.9305    
 1862   284.7867       285.0982       285.8277       286.7460       287.6731       288.3955       288.6692       288.4790       287.7302       286.6380       285.5816       284.9193    
 1863   284.7920       285.1156       285.8367       286.7401       287.6780       288.3649       288.6731       288.4693       287.7033       286.6582       285.5836       284.9364    
 1864   284.7987       285.1280       285.8206       286.7471       287.6849       288.3742       288.6742       288.4683       287.7123       286.6424       285.5862       284.9543    
 1865   284.7950       285.1209       285.8126       286.7636       287.6924       288.3959       288.6907       288.4705       287.7224       286.6508       285.6108       284.9521    
 1866   284.7932       285.0964       285.7906       286.7359       287.7015       288.4119       288.7067       288.4991       287.7531       286.6866       285.6149       284.9540    
 1867   284.8295       285.1186       285.8256       286.7852       287.7098       288.4137       288.7134       288.5052       287.7498       286.7034       285.6382       284.9724    
 1868   284.8202       285.1242       285.8281       286.7801       287.7224       288.4166       288.7234       288.4982       287.7604       286.6822       285.6550       285.0222    
 1869   284.8541       285.1680       285.8809       286.8124       287.7564       288.4451       288.7361       288.5242       287.7802       286.7143       285.6451       284.9842    
 1870   284.8241       285.1608       285.8506       286.7821       287.7204       288.4587       288.7333       288.5283       287.7867       286.7178       285.6729       285.0133    
 1871   284.8517       285.1731       285.8604       286.8018       287.7455       288.4390       288.7427       288.5535       287.7878       286.7117       285.6502       284.9951    
 1872   284.8291       285.1375       285.8577       286.8018       287.7390       288.4472       288.7436       288.5357       287.7746       286.7228       285.6622       285.0199    
 1873   284.8636       285.1752       285.8736       286.8125       287.7483       288.4568       288.7459       288.5634       287.8127       286.7444       285.6929       285.0086    
 1874   284.8789       285.1768       285.8919       286.8331       287.7699       288.4869       288.7800       288.5438       287.7987       286.7246       285.6703       285.0220    
 1875   284.8483       285.1770       285.9182       286.8349       287.7885       288.4783       288.7664       288.5528       287.8196       286.7415       285.6771       285.0025    
 1876   284.8530       285.1432       285.8658       286.7943       287.7530       288.4711       288.7512       288.5296       287.7819       286.7194       285.6637       285.0128    
 1877   284.8625       285.1758       285.8505       286.8077       287.7623       288.4537       288.7266       288.5299       287.7825       286.7050       285.6378       284.9988    
 1878   284.8517       285.1753       285.8715       286.7919       287.7284       288.4536       288.7416       288.5339       287.7735       286.7089       285.6514       284.9789    
 1879   284.8549       285.1758       285.8639       286.8269       287.7695       288.4789       288.7737       288.5304       287.7838       286.7083       285.6627       285.0207    
 1880   284.8860       285.1795       285.8860       286.8293       287.7711       288.4629       288.7690       288.5447       287.7905       286.7043       285.6600       285.0168    
 1881   284.8640       285.1668       285.9045       286.8266       287.7540       288.4642       288.7660       288.5637       287.8172       286.7539       285.7130       285.0625    
 1882   284.9358       285.2244       285.9091       286.8338       287.7767       288.4888       288.7599       288.5836       287.8061       286.7466       285.6839       285.0387    
 1883   284.8380       285.1500       285.8427       286.7849       287.7337       288.4409       288.7198       288.5152       287.7571       286.6525       285.5531       284.8512    
 1884   284.6608       284.9574       285.6382       286.5248       287.4524       288.1440       288.4005       288.1861       287.4131       286.3516       285.2969       284.6495    
 1885   284.5456       284.8476       285.5453       286.5108       287.4483       288.1482       288.4570       288.2605       287.5025       286.4139       285.3792       284.7112    
 1886   284.5725       284.9108       285.6221       286.5501       287.5260       288.2373       288.5631       288.3363       287.5781       286.4753       285.4201       284.7528    
 1887   284.5876       284.9531       285.6447       286.5858       287.5171       288.2457       288.5443       288.3611       287.6147       286.5244       285.4821       284.8008    
 1888   284.6704       284.9779       285.7074       286.6529       287.6255       288.3239       288.5901       288.3862       287.6169       286.5367       285.4909       284.8375    
 1889   284.6877       284.9744       285.7012       286.6407       287.5916       288.3126       288.6033       288.4128       287.6465       286.5796       285.5470       284.8611    
 1890   284.7455       285.0785       285.7604       286.6717       287.5952       288.3043       288.5871       288.3710       287.6099       286.5261       285.4521       284.7904    
 1891   284.6763       284.9638       285.6674       286.6205       287.5536       288.2791       288.5630       288.3615       287.6174       286.5279       285.4763       284.8174    
 1892   284.7050       285.0011       285.7189       286.6504       287.6048       288.3133       288.5909       288.3873       287.6321       286.5421       285.4802       284.8412    
 1893   284.7144       285.0444       285.7537       286.7076       287.6544       288.3640       288.6642       288.4687       287.7039       286.6211       285.5675       284.9193    
 1894   284.7819       285.0755       285.7749       286.7362       287.6947       288.4076       288.6959       288.4924       287.7470       286.6552       285.6180       284.9689    
 1895   284.8224       285.1564       285.8198       286.7794       287.7277       288.4408       288.7222       288.5347       287.7657       286.6967       285.6694       284.9866    
 1896   284.8038       285.1378       285.8528       286.7802       287.7397       288.4532       288.7308       288.5136       287.7412       286.6718       285.6499       284.9647    
 1897   284.8094       285.1347       285.8379       286.7846       287.7336       288.4375       288.7265       288.5202       287.7744       286.6891       285.6443       284.9504    
 1898   284.8278       285.1198       285.8270       286.7939       287.7267       288.4153       288.7262       288.5121       287.7676       286.7020       285.6611       285.0014    
 1899   284.8576       285.1718       285.8722       286.7940       287.7481       288.4445       288.7630       288.5512       287.7985       286.7286       285.6944       285.0477    
 1900   284.8824       285.2046       285.8967       286.8240       287.7667       288.4750       288.7500       288.5393       287.7900       286.7393       285.6760       285.0052    
 1901   284.9160       285.1746       285.8658       286.8144       287.7518       288.4541       288.7643       288.5487       287.7867       286.7323       285.6815       285.0197    
 1902   284.8878       285.2036       285.8775       286.7851       287.7262       288.4254       288.7301       288.5346       287.7731       286.7039       285.6269       284.9175    
 1903   284.7588       285.0357       285.7260       286.6342       287.5648       288.2411       288.5168       288.3008       287.5584       286.4908       285.4520       284.7926    
 1904   284.6927       285.0139       285.6869       286.6277       287.5562       288.2960       288.5821       288.3832       287.6335       286.5624       285.5232       284.8781    
 1905   284.7408       285.0509       285.7686       286.6960       287.6570       288.3701       288.6517       288.4403       287.6990       286.6211       285.5828       284.9285    
 1906   284.7829       285.0729       285.7831       286.7052       287.6801       288.3796       288.6929       288.4772       287.7526       286.6706       285.6213       284.9492    
 1907   284.8410       285.1638       285.8429       286.7556       287.7203       288.3975       288.6861       288.4751       287.7225       286.6718       285.6035       284.9580    
 1908   284.8500       285.1663       285.8567       286.8028       287.7328       288.4410       288.7015       288.4911       287.7382       286.6806       285.6008       284.9875    
 1909   284.8488       285.1513       285.8542       286.8166       287.7658       288.4636       288.7220       288.5228       287.7816       286.7203       285.6767       284.9971    
 1910   284.8720       285.2034       285.8922       286.8399       287.7678       288.4881       288.7721       288.5641       287.8079       286.7344       285.6994       285.0469    
 1911   284.9030       285.2119       285.8858       286.8289       287.7663       288.4700       288.7493       288.5320       287.7915       286.7050       285.6767       285.0250    
 1912   284.8762       285.1721       285.8972       286.8134       287.7567       288.4442       288.7137       288.4671       287.7094       286.6261       285.5893       284.9565    
 1913   284.7765       285.1229       285.7906       286.7422       287.6533       288.3553       288.6626       288.4501       287.6984       286.6062       285.5757       284.9413    
 1914   284.8000       285.1256       285.8217       286.7850       287.7396       288.4255       288.7157       288.5234       287.7639       286.6846       285.6567       285.0128    
 1915   284.8669       285.1816       285.8876       286.8350       287.7780       288.4803       288.7823       288.5578       287.7922       286.7129       285.6869       285.0261    
 1916   284.8661       285.1902       285.9142       286.8372       287.7965       288.4908       288.7708       288.5707       287.8195       286.7562       285.7148       285.0655    
 1917   284.9036       285.2064       285.9225       286.8690       287.8236       288.5222       288.7942       288.5907       287.8342       286.7775       285.7193       285.0827    
 1918   284.9020       285.2398       285.8996       286.8756       287.8016       288.5177       288.8193       288.6349       287.8760       286.7997       285.7402       285.0771    
 1919   284.9196       285.2120       285.9136       286.8683       287.7965       288.5214       288.8152       288.6208       287.8640       286.8169       285.7740       285.1127    
 1920   284.9826       285.3077       285.9841       286.9258       287.8510       288.5609       288.8516       288.6389       287.8840       286.8081       285.7886       285.1096    
 1921   284.9838       285.2803       285.9881       286.9203       287.8592       288.5434       288.8505       288.6345       287.8820       286.7911       285.7564       285.1125    
 1922   284.9576       285.2755       285.9685       286.9046       287.8370       288.5488       288.8457       288.6393       287.8996       286.8435       285.7513       285.1291    
 1923   284.9757       285.2865       285.9716       286.9207       287.8680       288.5595       288.8674       288.6581       287.9169       286.8439       285.7839       285.1148    
 1924   284.9772       285.3015       285.9970       286.9253       287.8866       288.5840       288.8693       288.6417       287.9107       286.8288       285.8017       285.1536    
 1925   285.0354       285.3128       285.9985       286.9106       287.8619       288.5667       288.8670       288.6321       287.8867       286.8296       285.7871       285.1306    
 1926   284.9838       285.3111       286.0143       286.9193       287.8592       288.5527       288.8633       288.6474       287.9090       286.8510       285.8074       285.1521    
 1927   285.0135       285.3173       286.0251       286.9500       287.8874       288.5960       288.8818       288.6754       287.9260       286.8600       285.8119       285.1251    
 1928   285.0121       285.2846       285.9940       286.9532       287.8788       288.5821       288.8781       288.6609       287.9172       286.8536       285.8165       285.1535    
 1929   284.9890       285.2905       285.9957       286.9222       287.8575       288.5630       288.8743       288.6469       287.9064       286.8244       285.7911       285.1395    
 1930   284.9763       285.2925       285.9730       286.9074       287.8508       288.5498       288.8293       288.6443       287.9166       286.8531       285.7781       285.1201    
 1931   284.9877       285.3004       285.9989       286.9246       287.8574       288.5527       288.8447       288.6419       287.9077       286.8365       285.8102       285.1478    
 1932   284.9942       285.3086       285.9859       286.9301       287.8718       288.5787       288.8546       288.6598       287.9104       286.8405       285.7821       285.1412    
 1933   284.9912       285.2918       285.9795       286.9270       287.8544       288.5636       288.8429       288.6250       287.8941       286.8060       285.7482       285.1141    
 1934   284.9693       285.2923       285.9812       286.9234       287.8535       288.5414       288.8372       288.6123       287.8812       286.8441       285.8049       285.1332    
 1935   284.9963       285.3021       285.9973       286.9373       287.8864       288.5840       288.8789       288.6725       287.9384       286.8679       285.8332       285.1829    
 1936   285.0314       285.3600       286.0424       286.9750       287.9289       288.6303       288.9243       288.7094       287.9516       286.8796       285.8291       285.1802    
 1937   285.0668       285.3859       286.0596       286.9944       287.9370       288.6404       288.9266       288.7184       287.9611       286.8937       285.8441       285.1985    
 1938   285.0736       285.3574       286.0359       286.9685       287.9315       288.6409       288.9350       288.7149       287.9587       286.8954       285.8511       285.2002    
 1939   285.0597       285.3499       286.0619       286.9928       287.9225       288.6194       288.9254       288.7100       287.9665       286.9038       285.8793       285.2104    
 1940   285.0349       285.3837       286.0503       286.9967       287.9247       288.6265       288.9135       288.7174       287.9517       286.8951       285.8581       285.1996    
 1941   285.0588       285.3626       286.0756       286.9977       287.9412       288.6431       288.9304       288.7267       287.9817       286.9236       285.9115       285.2487    
 1942   285.0993       285.3822       286.0820       287.0142       287.9361       288.6372       288.9313       288.7108       287.9730       286.9059       285.8525       285.2002    
 1943   285.0890       285.3803       286.0515       286.9693       287.9014       288.6323       288.9267       288.7059       287.9723       286.9146       285.8546       285.2172    
 1944   285.0971       285.3782       286.0354       286.9652       287.9359       288.6201       288.9243       288.7171       287.9784       286.9219       285.8741       285.2323    
 1945   285.0869       285.3864       286.0696       286.9939       287.9359       288.6492       288.9173       288.7069       287.9724       286.9215       285.9029       285.2263    
 1946   285.0517       285.3694       286.0834       287.0029       287.9528       288.6461       288.9366       288.7317       287.9710       286.9221       285.8858       285.2275    
 1947   285.0812       285.3908       286.0926       287.0069       287.9619       288.6669       288.9524       288.7430       287.9829       286.9242       285.9006       285.2489    
 1948   285.0894       285.4151       286.1041       287.0083       287.9593       288.6542       288.9681       288.7447       288.0093       286.9531       285.9050       285.2435    
 1949   285.1391       285.4326       286.1085       287.0304       287.9831       288.6633       288.9624       288.7583       288.0023       286.9504       285.9105       285.2482    
 1950   285.1073       285.4224       286.1015       287.0369       287.9580       288.6739       288.9517       288.7400       288.0039       286.9601       285.8963       285.2399    
 1951   285.1253       285.3948       286.0803       287.0334       287.9739       288.6648       288.9526       288.7396       287.9954       286.9452       285.8982       285.2411    
 1952   285.0948       285.3851       286.0937       287.0183       287.9626       288.6527       288.9298       288.7141       287.9570       286.9182       285.8766       285.2521    
 1953   285.0936       285.4289       286.0896       287.0078       287.9409       288.6245       288.9142       288.6911       287.9596       286.9125       285.8846       285.2473    
 1954   285.0699       285.3647       286.0821       287.0045       287.9515       288.6411       288.9285       288.7270       287.9804       286.9267       285.8863       285.2409    
 1955   285.1014       285.3931       286.0938       287.0326       287.9559       288.6548       288.9295       288.7275       287.9875       286.9190       285.8928       285.2262    
 1956   285.1009       285.4090       286.0894       287.0346       287.9727       288.6605       288.9560       288.7414       288.0049       286.9417       285.9233       285.2795    
 1957   285.1423       285.4499       286.1487       287.0653       287.9846       288.6887       288.9776       288.7596       288.0265       286.9656       285.9216       285.2795    
 1958   285.1148       285.4318       286.1312       287.0579       287.9837       288.6790       288.9554       288.7657       288.0127       286.9528       285.9185       285.2743    
 1959   285.1356       285.4440       286.1145       287.0314       287.9771       288.6617       288.9535       288.7451       288.0192       286.9759       285.9411       285.2774    
 1960   285.1296       285.4435       286.1418       287.0913       288.0125       288.7071       288.9985       288.7754       288.0133       286.9645       285.9320       285.2793    
 1961   285.1492       285.4593       286.1411       287.0615       287.9957       288.6935       288.9599       288.7371       287.9871       286.9515       285.9296       285.2846    
 1962   285.1084       285.4407       286.1274       287.0442       287.9486       288.6442       288.9345       288.7134       287.9855       286.9427       285.9173       285.2594    
 1963   285.1031       285.3994       286.0922       286.9970       287.9148       288.5859       288.8619       288.6428       287.8980       286.8320       285.7805       285.0957    
 1964   284.8959       285.2015       285.9068       286.8471       287.7632       288.4288       288.7350       288.5320       287.7864       286.7271       285.7110       285.0645    
 1965   284.9389       285.2524       285.9477       286.8810       287.7912       288.4879       288.7726       288.5678       287.8153       286.7586       285.7408       285.0988    
 1966   284.9792       285.2800       285.9587       286.8912       287.8192       288.5431       288.8149       288.6121       287.8603       286.8153       285.7922       285.1149    
 1967   284.9622       285.3108       286.0090       286.9545       287.8841       288.5739       288.8367       288.6513       287.9026       286.8467       285.8192       285.1771    
 1968   285.0121       285.3352       286.0378       286.9609       287.9024       288.5822       288.8663       288.6680       287.9113       286.8481       285.8152       285.1589    
 1969   285.0364       285.3435       286.0403       286.9698       287.8909       288.5846       288.8642       288.6439       287.8929       286.8353       285.8326       285.1862    
 1970   285.0595       285.3966       286.0518       286.9745       287.9057       288.6096       288.8928       288.6743       287.9544       286.8918       285.8935       285.2135    
 1971   285.1087       285.4229       286.1024       287.0240       287.9497       288.6508       288.9407       288.7306       287.9956       286.9554       285.9082       285.2628    
 1972   285.1236       285.4448       286.1347       287.0669       287.9817       288.6815       288.9759       288.7465       287.9929       286.9279       285.9153       285.2674    
 1973   285.1354       285.4460       286.1198       287.0490       287.9973       288.6816       288.9460       288.7343       288.0035       286.9589       285.9258       285.2844    
 1974   285.1671       285.4703       286.1281       287.0678       287.9858       288.6899       288.9750       288.7517       288.0080       286.9639       285.9379       285.2686    
 1975   285.1558       285.4560       286.1367       287.0584       287.9644       288.6414       288.9444       288.7255       287.9873       286.9323       285.8984       285.2431    
 1976   285.1154       285.4126       286.1104       287.0375       287.9915       288.6908       288.9772       288.7548       288.0122       286.9601       285.9206       285.2823    
 1977   285.1466       285.4823       286.1660       287.0830       288.0298       288.7349       288.9997       288.8005       288.0494       287.0082       285.9861       285.3555    
 1978   285.2415       285.5289       286.2166       287.1750       288.1003       288.7826       289.0559       288.8380       288.1087       287.0575       286.0454       285.3784    
 1979   285.2681       285.5606       286.2575       287.1691       288.0960       288.7785       289.0886       288.8664       288.1469       287.1072       286.0907       285.4567    
 1980   285.2800       285.5838       286.2764       287.2137       288.1359       288.8351       289.1267       288.9090       288.1530       287.1136       286.1021       285.4484    
 1981   285.3154       285.6413       286.3110       287.2502       288.1799       288.8617       289.1353       288.9238       288.2047       287.1449       286.1352       285.4862    
 1982   285.3317       285.6366       286.3321       287.2227       288.1368       288.8201       289.0990       288.8568       288.0963       287.0274       286.0058       285.3281    
 1983   285.2064       285.5035       286.1614       287.0811       287.9786       288.6523       288.9477       288.7507       288.0126       286.9673       285.9659       285.3271    
 1984   285.2153       285.5136       286.2253       287.1485       288.0763       288.7636       289.0690       288.8664       288.0954       287.0589       286.0425       285.3928    
 1985   285.2678       285.5702       286.2575       287.1780       288.1190       288.8176       289.0900       288.8872       288.1517       287.1345       286.0931       285.4462    
 1986   285.3038       285.6126       286.2891       287.2161       288.1659       288.8522       289.1265       288.9330       288.1955       287.1438       286.1317       285.4921    
 1987   285.3647       285.6481       286.3503       287.2746       288.2045       288.9059       289.1779       288.9763       288.2439       287.2250       286.1880       285.5414    
 1988   285.4070       285.7299       286.3938       287.2933       288.2408       288.9395       289.2266       288.9963       288.2825       287.2452       286.2245       285.5514    
 1989   285.4157       285.6870       286.4114       287.3342       288.2669       288.9711       289.2484       289.0471       288.3349       287.3029       286.2622       285.6071    
 1990   285.4798       285.8003       286.4769       287.3929       288.3255       289.0157       289.2993       289.0894       288.3705       287.3457       286.3215       285.6555    
 1991   285.5095       285.8128       286.4868       287.3867       288.3156       288.9940       289.2706       289.0485       288.2785       287.2179       286.1516       285.4766    
 1992   285.2833       285.5839       286.2418       287.1174       288.0349       288.7124       289.0131       288.7971       288.0613       287.0570       286.0297       285.4009    
 1993   285.2569       285.5662       286.2488       287.2024       288.1234       288.8135       289.1171       288.8958       288.1734       287.1432       286.0912       285.4365    
 1994   285.3315       285.6316       286.3127       287.2571       288.1834       288.8860       289.1712       288.9857       288.2433       287.2085       286.1760       285.5283    
 1995   285.3622       285.6651       286.3562       287.2934       288.2475       288.9404       289.2394       289.0527       288.3356       287.2923       286.2867       285.6367    
 1996   285.4699       285.7973       286.4722       287.3886       288.3254       289.0185       289.3078       289.1087       288.3862       287.3825       286.3371       285.6661    
 1997   285.5413       285.8387       286.5138       287.4525       288.3927       289.0925       289.3849       289.1627       288.4432       287.4296       286.4145       285.7492    
 1998   285.5623       285.8815       286.5691       287.4901       288.4183       289.1159       289.4121       289.1818       288.4553       287.4529       286.4178       285.7056    
 1999   285.5744       285.8825       286.5807       287.4908       288.4254       289.1325       289.4169       289.2132       288.4997       287.4929       286.4725       285.8051    
 2000   285.6357       285.9406       286.6266       287.5383       288.4807       289.1839       289.4825       289.2865       288.5639       287.5400       286.5094       285.8654    
 2001   285.6986       285.9874       286.6654       287.6171       288.5434       289.2350       289.5416       289.3417       288.6221       287.5781       286.5633       285.9210    
 2002   285.7885       286.0536       286.7112       287.6292       288.5424       289.2540       289.5589       289.3514       288.6209       287.6178       286.6106       285.9435    
 2003   285.7799       286.0629       286.7046       287.6327       288.5573       289.2578       289.5558       289.3386       288.6364       287.6191       286.6045       285.9295    
 2004   285.7602       286.0727       286.7356       287.6525       288.5684       289.2675       289.5731       289.3760       288.6524       287.6512       286.6480       285.9837    
 2005   285.8081       286.1195       286.7880       287.6997       288.6189       289.3141       289.6106       289.4113       288.6802       287.6629       286.6525       285.9678    
 2006   285.8249       286.1131       286.7755       287.6868       288.6162       289.3312       289.6089       289.4186       288.6808       287.6890       286.7047       286.0108    
 2007   285.8538       286.1332       286.8073       287.7212       288.6298       289.3221       289.5999       289.4276       288.6822       287.6830       286.6739       285.9848    
 2008   285.8448       286.1438       286.8049       287.7105       288.6386       289.3396       289.6336       289.4475       288.7126       287.7138       286.7048       286.0128    
 2009   285.8839       286.1620       286.8000       287.7207       288.6624       289.3556       289.6508       289.4631       288.7428       287.7458       286.7537       286.0491    
 2010   285.9014       286.2019       286.8770       287.7628       288.6825       289.3880       289.6739       289.4787       288.7693       287.7622       286.7355       286.0660    
 2011   285.9260       286.1828       286.8624       287.7853       288.6877       289.4081       289.6974       289.4868       288.7894       287.7741       286.7240       286.0729    
 2012   285.9366       286.2294       286.8740       287.7911       288.7303       289.4162       289.7154       289.5408       288.8175       287.7887       286.7773       286.1245    
 2013   285.9790       286.3018       286.9510       287.8785       288.7751       289.4777       289.7686       289.5593       288.8527       287.8464       286.8367       286.1992    
 2014   286.0256       286.2977       286.9869       287.9034       288.8105       289.4934       289.7813       289.5797       288.8776       287.8617       286.8554       286.1966    
 2015   286.0157       286.2863       286.9627       287.8646       288.7789       289.4846       289.8032       289.5907       288.8807       287.8703       286.8766       286.2251    
 2016   286.0576       286.3430       287.0036       287.9140       288.8162       289.5392       289.8267       289.6177       288.9067       287.9007       286.8970       286.2139    
 2017   286.0624       286.3517       287.0153       287.9117       288.8398       289.5353       289.8446       289.6418       288.9344       287.9179       286.9301       286.2457    
 2018   286.0732       286.3852       287.0577       287.9361       288.8407       289.5489       289.8264       289.6516       288.9315       287.9156       286.9075       286.2470    
 2019   286.0695       286.3707       287.0443       287.9588       288.8644       289.5609       289.8547       289.6898       288.9661       287.9659       286.9602       286.2964    
 2020   286.1347       286.3999       287.0490       287.9684       288.9026       289.5732       289.8810       289.6838       288.9735       287.9806       286.9775       286.3069    
 2021   286.1654       286.4543       287.1324       288.0366       288.9323       289.6127       289.9112       289.7169       289.0034       288.0316       287.0020       286.3409    
 2022   286.1982       286.4683       287.1257       288.0073       288.9295       289.6312       289.9416       289.7568       289.0359       288.0335       287.0529       286.3839    
 2023   286.2250       286.5292       287.1614       288.0521       288.9700       289.6606       289.9707       289.7738       289.0702       288.1057       287.0995       286.4133    
 2024   286.2647       286.5538       287.1999       288.0972       289.0052       289.6996       290.0238       289.8216       289.1095       288.1237       287.1345       286.4757    
 2025   286.3087       286.5624       287.2267       288.1417       289.0587       289.7475       290.0359       289.8389       289.1392       288.1505       287.1367       286.4744    
 2026   286.3080       286.6151       287.2513       288.1445       289.0846       289.7712       290.0957       289.8853       289.1955       288.2056       287.2092       286.5411    
 2027   286.3700       286.6315       287.3010       288.1902       289.0945       289.7804       290.0940       289.9068       289.1909       288.2011       287.1992       286.5500    
 2028   286.3642       286.6360       287.3022       288.1977       289.1153       289.8058       290.1019       289.9097       289.2091       288.2147       287.2130       286.5458    
 2029   286.3795       286.6540       287.3148       288.2138       289.1018       289.8141       290.1191       289.9158       289.2142       288.2301       287.2376       286.5852    
 2030   286.3837       286.6663       287.3214       288.1990       289.1218       289.8159       290.1286       289.9279       289.2405       288.2606       287.2552       286.5926    
 2031   286.4057       286.6855       287.3685       288.2455       289.1518       289.8533       290.1761       289.9634       289.2729       288.2994       287.2999       286.6179    
 2032   286.4543       286.7325       287.3913       288.2863       289.1863       289.8903       290.1970       289.9814       289.2974       288.3248       287.3259       286.6471    
 2033   286.4767       286.7582       287.3778       288.3156       289.2197       289.9050       290.2066       290.0023       289.3148       288.3201       287.3246       286.6532    
 2034   286.4951       286.7475       287.4026       288.3163       289.2277       289.9174       290.2348       290.0539       289.3516       288.3811       287.3612       286.6891    
 2035   286.5136       286.7671       287.4278       288.3375       289.2479       289.9521       290.2664       290.0566       289.3643       288.3902       287.3730       286.7109    
 2036   286.5629       286.8161       287.4473       288.3743       289.2801       289.9516       290.2667       290.0775       289.3790       288.4057       287.4318       286.7628    
 2037   286.6033       286.8721       287.5031       288.3997       289.3121       289.9904       290.3030       290.1147       289.4238       288.4279       287.4414       286.7583    
 2038   286.6048       286.8794       287.5310       288.4169       289.3357       290.0151       290.3311       290.1453       289.4452       288.4502       287.4916       286.8138    
 2039   286.5909       286.8510       287.5224       288.4359       289.3493       290.0378       290.3577       290.1678       289.4608       288.4842       287.5080       286.8301    
 2040   286.6427       286.9247       287.5630       288.4674       289.3807       290.0633       290.3633       290.1834       289.5001       288.5235       287.5333       286.8470    
 2041   286.6641       286.9481       287.5973       288.4846       289.3981       290.0829       290.3947       290.2020       289.4990       288.5393       287.5377       286.8833    
 2042   286.6978       286.9567       287.6175       288.4995       289.3845       290.0907       290.3990       290.2097       289.5237       288.5485       287.5820       286.8813    
 2043   286.7283       286.9864       287.6087       288.5153       289.4165       290.0999       290.4230       290.2427       289.5511       288.5815       287.6060       286.9283    
 2044   286.7426       287.0159       287.6645       288.5412       289.4485       290.1365       290.4453       290.2672       289.5752       288.6146       287.6199       286.9512    
 2045   286.7443       287.0282       287.6776       288.5609       289.4681       290.1379       290.4650       290.2589       289.5854       288.6156       287.6335       286.9607    
 2046   286.7842       287.0441       287.6776       288.5800       289.4805       290.1535       290.4696       290.3030       289.6237       288.6564       287.6700       287.0167    
 2047   286.8430       287.0918       287.7589       288.6271       289.5182       290.2019       290.5134       290.3342       289.6320       288.6554       287.6675       287.0161    
 2048   286.8466       287.1021       287.7350       288.6264       289.5276       290.2205       290.5247       290.3294       289.6452       288.6614       287.6855       287.0344    
 2049   286.8630       287.1369       287.7860       288.6612       289.5616       290.2470       290.5554       290.3751       289.6844       288.7152       287.7233       287.0591    
 2050   286.8610       287.1584       287.8031       288.6607       289.5712       290.2612       290.5860       290.4021       289.6941       288.7425       287.7904       287.1315    
 2051   286.9391       287.1978       287.8335       288.7186       289.6090       290.3033       290.5988       290.4101       289.7161       288.7486       287.7472       287.1076    
 2052   286.9312       287.1744       287.8284       288.7115       289.5934       290.2849       290.6191       290.4250       289.7302       288.7690       287.7830       287.1451    
 2053   286.9682       287.2251       287.8718       288.7536       289.6254       290.3352       290.6346       290.4446       289.7558       288.7949       287.8263       287.1472    
 2054   286.9666       287.2037       287.8506       288.7300       289.6361       290.3277       290.6474       290.4509       289.7635       288.8170       287.8495       287.1671    
 2055   287.0125       287.2688       287.8992       288.7758       289.6583       290.3538       290.6796       290.5026       289.8006       288.8645       287.8742       287.2227    
 2056   287.0487       287.2825       287.8848       288.7925       289.6712       290.3661       290.6783       290.4708       289.7914       288.8333       287.8638       287.1951    
 2057   286.9982       287.2785       287.9195       288.8091       289.7007       290.3816       290.6867       290.4984       289.7931       288.8628       287.8952       287.2226    
 2058   287.0424       287.3134       287.9479       288.8299       289.7242       290.4202       290.7428       290.5591       289.8649       288.9059       287.9306       287.2769    
 2059   287.1041       287.3492       287.9504       288.8611       289.7650       290.4420       290.7599       290.5601       289.8900       288.9401       287.9818       287.3076    
 2060   287.1300       287.3630       288.0120       288.9123       289.8015       290.4724       290.7826       290.5988       289.9110       288.9367       288.0014       287.3229    
 2061   287.1188       287.3663       287.9826       288.8678       289.7622       290.4717       290.7924       290.5977       289.9095       288.9518       287.9741       287.3188    
 2062   287.1315       287.3618       288.0215       288.8813       289.7547       290.4604       290.7790       290.5977       289.9060       288.9532       287.9704       287.2905    
 2063   287.1097       287.3778       288.0260       288.9075       289.7910       290.4849       290.8043       290.6282       289.9401       288.9822       288.0052       287.3564    
 2064   287.1680       287.4229       288.0509       288.9438       289.8302       290.5224       290.8195       290.6352       289.9659       288.9982       288.0318       287.3675    
 2065   287.2018       287.4294       288.0731       288.9315       289.8393       290.5281       290.8323       290.6675       289.9814       289.0208       288.0427       287.3793    
 2066   287.2090       287.4561       288.0804       288.9563       289.8368       290.5269       290.8372       290.6631       289.9725       289.0215       288.0632       287.4011    
 2067   287.2196       287.4519       288.0721       288.9611       289.8604       290.5429       290.8649       290.6837       289.9913       289.0264       288.0697       287.4247    
 2068   287.2269       287.4702       288.1002       288.9850       289.8757       290.5441       290.8441       290.6690       289.9731       289.0172       288.0576       287.3995    
 2069   287.2158       287.4489       288.0740       288.9437       289.8525       290.5321       290.8517       290.6595       289.9961       289.0629       288.0835       287.4469    
 2070   287.2930       287.4887       288.1220       289.0042       289.8841       290.5754       290.8749       290.7036       290.0005       289.0650       288.0875       287.4070    
 2071   287.2298       287.4812       288.1378       289.0080       289.9031       290.6017       290.9216       290.7428       290.0431       289.1025       288.1199       287.4609    
 2072   287.2753       287.5400       288.1370       289.0280       289.9219       290.6031       290.9262       290.7574       290.0445       289.1024       288.1661       287.5091    
 2073   287.3166       287.5545       288.1796       289.0412       289.9395       290.6317       290.9518       290.7824       290.0959       289.1301       288.1667       287.5049    
 2074   287.3402       287.5367       288.1735       289.0643       289.9394       290.6238       290.9327       290.7454       290.0842       289.1110       288.1383       287.4728    
 2075   287.2913       287.5513       288.1666       289.0587       289.9344       290.6225       290.9521       290.7721       290.0800       289.1348       288.1660       287.5250    
 2076   287.3445       287.5732       288.1989       289.0485       289.9325       290.6259       290.9500       290.7724       290.0930       289.1255       288.1749       287.5129    
 2077   287.3401       287.5857       288.2002       289.0867       289.9651       290.6561       290.9926       290.8027       290.1242       289.1806       288.2133       287.5566    
 2078   287.3983       287.6176       288.2383       289.1158       290.0059       290.6906       291.0091       290.8242       290.1242       289.1745       288.2410       287.5946    
 2079   287.3814       287.6422       288.2658       289.1522       290.0093       290.6959       291.0082       290.8250       290.1449       289.1968       288.2646       287.6106    
 2080   287.4059       287.6287       288.2523       289.1328       290.0192       290.7015       291.0166       290.8499       290.1534       289.1906       288.2311       287.5840    
 2081   287.4098       287.6502       288.2432       289.1135       290.0056       290.6738       290.9994       290.8320       290.1504       289.1971       288.2594       287.5676    
 2082   287.3983       287.6533       288.2552       289.1430       290.0356       290.7100       291.0213       290.8499       290.1696       289.2099       288.2432       287.5915    
 2083   287.4040       287.6449       288.2700       289.1286       290.0349       290.7117       291.0269       290.8481       290.1509       289.1939       288.2529       287.5730    
 2084   287.4142       287.6441       288.3050       289.1567       290.0297       290.7238       291.0311       290.8495       290.1690       289.2248       288.2641       287.6047    
 2085   287.4231       287.6474       288.2920       289.1573       290.0325       290.7151       291.0414       290.8646       290.1797       289.2137       288.2500       287.6049    
 2086   287.4308       287.6799       288.3239       289.1687       290.0597       290.7419       291.0437       290.8751       290.1894       289.2178       288.2709       287.6229    
 2087   287.4556       287.6890       288.2953       289.1706       290.0432       290.7239       291.0287       290.8537       290.1609       289.2103       288.2463       287.5722    
 2088   287.3790       287.6556       288.2931       289.1513       290.0385       290.7147       291.0360       290.8522       290.1641       289.2098       288.2598       287.6265    
 2089   287.4406       287.6773       288.2924       289.1566       290.0602       290.7565       291.0752       290.8948       290.2080       289.2682       288.3246       287.6457    
 2090   287.4751       287.7173       288.3306       289.1935       290.0838       290.7611       291.0722       290.9073       290.2095       289.2450       288.2885       287.6167    
 2091   287.4624       287.6808       288.3091       289.1755       290.0592       290.7449       291.0715       290.8961       290.2086       289.2485       288.2779       287.6281    
 2092   287.4443       287.6836       288.2964       289.1850       290.0560       290.7454       291.0653       290.8866       290.1834       289.2420       288.2815       287.6344    
 2093   287.4437       287.6849       288.3016       289.1581       290.0482       290.7318       291.0575       290.8858       290.1982       289.2427       288.2712       287.6306    
 2094   287.4669       287.6842       288.3152       289.1775       290.0537       290.7402       291.0719       290.9064       290.2040       289.2424       288.2931       287.6309    
 2095   287.4647       287.7145       288.3344       289.1922       290.0844       290.7721       291.1011       290.9332       290.2343       289.2718       288.3229       287.6766    
 2096   287.4931       287.7403       288.3897       289.2271       290.1054       290.7876       291.0868       290.9169       290.2165       289.2554       288.3085       287.6617    
 2097   287.4676       287.7236       288.3407       289.2123       290.0787       290.7608       291.0756       290.8925       290.2275       289.2758       288.3048       287.6707    
 2098   287.4854       287.7475       288.3752       289.2480       290.1175       290.7973       291.1300       290.9517       290.2530       289.2914       288.3545       287.6823    
 2099   287.5043       287.7494       288.3832       289.2486       290.1159       290.7979       291.1292       290.9378       290.2568       289.3074       288.3440       287.6947    
 2100   287.5192       287.7823       288.3762       289.2365       290.1123       290.7885       291.1073       290.9375       290.2643       289.3283       288.3727       287.7123    
