# using minimal fraction of valid points 30.00
# tas [K] from Multi-model mean of historical+rcp85 experiments of ACCESS1-0 ACCESS1-3 bcc-csm1-1 BNU-ESM CanESM2 CCSM4 CESM1-BGC CESM1-CAM5 CMCC-CM CMCC-CMS CNRM-CM5 CSIRO-Mk3-6-0 EC-EARTH FGOALS-g2 FIO-ESM GFDL-CM3 GFDL-ESM2G GFDL-ESM2M GISS-E2-H GISS-E2-H GISS-E2-H GISS-E2-R GISS-E2-R GISS-E2-R HadGEM2-AO HadGEM2-CC HadGEM2-ES inmcm4 IPSL-CM5A-LR IPSL-CM5A-MR IPSL-CM5B-LR MIROC5 MIROC-ESM MIROC-ESM-CHEM MPI-ESM-LR MPI-ESM-MR MRI-CGCM3 NorESM1-M NorESM1-ME
# cutting out region lon=    0.000  360.000, lat=  -90.000   90.000
 1861   284.7590       285.0422       285.7584       286.6853       287.6296       288.3499       288.6533       288.4396       287.6709       286.5939       285.5651       284.8830    
 1862   284.7373       285.0555       285.7643       286.6881       287.6248       288.3469       288.6269       288.4309       287.6865       286.5855       285.5249       284.8434    
 1863   284.7262       285.0396       285.7432       286.6686       287.6052       288.3159       288.6337       288.4316       287.6630       286.6043       285.5269       284.8796    
 1864   284.7442       285.0739       285.7610       286.6940       287.6401       288.3342       288.6461       288.4329       287.6664       286.5800       285.5237       284.8782    
 1865   284.7478       285.0728       285.7424       286.6862       287.6388       288.3441       288.6505       288.4282       287.6744       286.5868       285.5451       284.9001    
 1866   284.7217       285.0210       285.7209       286.6648       287.6383       288.3640       288.6627       288.4564       287.6964       286.6257       285.5565       284.8982    
 1867   284.7567       285.0538       285.7554       286.7127       287.6443       288.3807       288.6822       288.4596       287.6986       286.6385       285.5762       284.9203    
 1868   284.7643       285.0667       285.7608       286.7151       287.6681       288.3756       288.6849       288.4624       287.7076       286.6290       285.6039       284.9498    
 1869   284.7887       285.1045       285.7983       286.7344       287.6980       288.3978       288.6941       288.4793       287.7314       286.6628       285.5977       284.9409    
 1870   284.7792       285.0935       285.7946       286.7269       287.6688       288.4241       288.6974       288.4825       287.7497       286.6652       285.6273       284.9692    
 1871   284.7988       285.1176       285.8080       286.7379       287.6871       288.3988       288.7023       288.5103       287.7386       286.6601       285.6002       284.9472    
 1872   284.7752       285.0807       285.7938       286.7327       287.6809       288.3951       288.6930       288.4906       287.7200       286.6555       285.6066       284.9527    
 1873   284.8034       285.1338       285.8212       286.7522       287.6934       288.4097       288.7055       288.5207       287.7734       286.7045       285.6569       284.9649    
 1874   284.8383       285.1317       285.8391       286.7692       287.7184       288.4429       288.7366       288.5030       287.7502       286.6678       285.6245       284.9812    
 1875   284.7983       285.1212       285.8513       286.7642       287.7357       288.4343       288.7221       288.5088       287.7656       286.6921       285.6157       284.9526    
 1876   284.7961       285.0943       285.8070       286.7296       287.6906       288.4250       288.7046       288.4763       287.7280       286.6581       285.5922       284.9365    
 1877   284.7923       285.1188       285.7747       286.7372       287.6989       288.4098       288.6781       288.4802       287.7284       286.6520       285.5897       284.9472    
 1878   284.7931       285.1031       285.7835       286.7189       287.6697       288.3901       288.6860       288.4748       287.7092       286.6533       285.5855       284.9189    
 1879   284.7967       285.1064       285.7817       286.7512       287.7028       288.4305       288.7242       288.4703       287.7208       286.6512       285.6027       284.9320    
 1880   284.8141       285.0877       285.8139       286.7523       287.7029       288.4083       288.7216       288.4839       287.7350       286.6370       285.5837       284.9453    
 1881   284.7878       285.1089       285.8382       286.7481       287.6866       288.4091       288.7184       288.5168       287.7579       286.6962       285.6466       285.0115    
 1882   284.8598       285.1599       285.8183       286.7493       287.7023       288.4365       288.7022       288.5169       287.7496       286.6838       285.6225       284.9663    
 1883   284.7818       285.0905       285.7638       286.7099       287.6594       288.3851       288.6712       288.4631       287.7018       286.5980       285.4998       284.7831    
 1884   284.6030       284.9068       285.5887       286.4645       287.3991       288.0959       288.3556       288.1444       287.3560       286.2990       285.2339       284.5975    
 1885   284.4797       284.7831       285.4635       286.4371       287.3932       288.0995       288.4230       288.2045       287.4525       286.3613       285.3283       284.6531    
 1886   284.5144       284.8625       285.5534       286.4806       287.4648       288.1819       288.5167       288.2920       287.5263       286.4245       285.3773       284.7088    
 1887   284.5262       284.8899       285.5777       286.5127       287.4487       288.1898       288.4923       288.3130       287.5680       286.4616       285.4190       284.7325    
 1888   284.6139       284.9176       285.6212       286.5731       287.5528       288.2688       288.5417       288.3357       287.5557       286.4682       285.4177       284.7520    
 1889   284.5975       284.8916       285.6089       286.5445       287.5159       288.2487       288.5342       288.3387       287.5872       286.5164       285.4860       284.7955    
 1890   284.6649       285.0097       285.6752       286.5864       287.5220       288.2444       288.5265       288.3177       287.5397       286.4589       285.4074       284.7305    
 1891   284.6178       284.8747       285.5900       286.5375       287.4784       288.2159       288.5111       288.3049       287.5606       286.4709       285.4208       284.7407    
 1892   284.6340       284.9317       285.6465       286.5901       287.5453       288.2593       288.5421       288.3417       287.5828       286.4808       285.4265       284.7777    
 1893   284.6617       284.9917       285.6837       286.6219       287.5894       288.3060       288.6145       288.4164       287.6445       286.5587       285.5034       284.8455    
 1894   284.7074       285.0021       285.6917       286.6515       287.6299       288.3510       288.6457       288.4377       287.6773       286.5893       285.5605       284.9014    
 1895   284.7654       285.0963       285.7615       286.7137       287.6680       288.3901       288.6675       288.4825       287.7070       286.6253       285.5980       284.9277    
 1896   284.7437       285.0633       285.7782       286.7099       287.6740       288.3988       288.6743       288.4497       287.6796       286.6027       285.5789       284.9007    
 1897   284.7403       285.0626       285.7518       286.6980       287.6622       288.3790       288.6663       288.4692       287.7075       286.6081       285.5730       284.8839    
 1898   284.7535       285.0428       285.7581       286.7235       287.6616       288.3572       288.6754       288.4633       287.7120       286.6356       285.6049       284.9386    
 1899   284.7883       285.0907       285.7902       286.7066       287.6702       288.3850       288.6981       288.4864       287.7350       286.6509       285.6224       284.9735    
 1900   284.8052       285.1227       285.8163       286.7402       287.6922       288.4125       288.6950       288.4742       287.7236       286.6576       285.6057       284.9420    
 1901   284.8373       285.1163       285.7795       286.7432       287.6763       288.3994       288.7085       288.4857       287.7215       286.6584       285.6176       284.9484    
 1902   284.8419       285.1355       285.7978       286.6902       287.6542       288.3639       288.6681       288.4776       287.7103       286.6435       285.5770       284.8510    
 1903   284.6850       284.9628       285.6435       286.5601       287.4953       288.1845       288.4533       288.2318       287.5010       286.4225       285.3830       284.7135    
 1904   284.6128       284.9423       285.6020       286.5399       287.4857       288.2360       288.5284       288.3220       287.5693       286.4955       285.4666       284.8190    
 1905   284.6861       284.9847       285.6855       286.6235       287.5962       288.3105       288.5956       288.3814       287.6364       286.5512       285.5077       284.8438    
 1906   284.7025       284.9861       285.6882       286.6125       287.6017       288.3157       288.6305       288.4009       287.6727       286.5994       285.5522       284.8685    
 1907   284.7766       285.0800       285.7464       286.6589       287.6282       288.3254       288.6244       288.4172       287.6531       286.5926       285.5316       284.8815    
 1908   284.7778       285.0923       285.7768       286.7169       287.6608       288.3758       288.6370       288.4309       287.6787       286.6075       285.5401       284.9158    
 1909   284.7862       285.0803       285.7812       286.7348       287.6880       288.4015       288.6638       288.4677       287.7152       286.6487       285.6046       284.9142    
 1910   284.8013       285.1304       285.8035       286.7546       287.6891       288.4198       288.7118       288.5066       287.7477       286.6732       285.6368       284.9696    
 1911   284.8249       285.1509       285.8013       286.7474       287.6863       288.4135       288.7015       288.4853       287.7311       286.6497       285.6179       284.9643    
 1912   284.8171       285.0970       285.8205       286.7469       287.6947       288.4008       288.6678       288.4200       287.6414       286.5676       285.5293       284.8977    
 1913   284.7221       285.0517       285.7206       286.6773       287.5898       288.3000       288.6057       288.3961       287.6409       286.5485       285.5076       284.8795    
 1914   284.7426       285.0685       285.7587       286.7214       287.6782       288.3762       288.6642       288.4782       287.7041       286.6275       285.5872       284.9527    
 1915   284.7968       285.1157       285.8267       286.7693       287.7155       288.4315       288.7358       288.5150       287.7308       286.6520       285.6283       284.9567    
 1916   284.7908       285.1252       285.8337       286.7574       287.7284       288.4262       288.7125       288.5117       287.7467       286.6686       285.6451       284.9809    
 1917   284.8298       285.1231       285.8399       286.7813       287.7417       288.4595       288.7273       288.5279       287.7685       286.7123       285.6484       285.0042    
 1918   284.8242       285.1701       285.8308       286.8070       287.7400       288.4635       288.7641       288.5851       287.8218       286.7303       285.6854       285.0130    
 1919   284.8544       285.1360       285.8441       286.7909       287.7321       288.4683       288.7612       288.5684       287.8119       286.7603       285.7165       285.0506    
 1920   284.9101       285.2333       285.9042       286.8356       287.7682       288.4955       288.7830       288.5779       287.8125       286.7472       285.7285       285.0392    
 1921   284.9247       285.2204       285.9263       286.8480       287.7881       288.4851       288.7863       288.5914       287.8253       286.7354       285.6981       285.0590    
 1922   284.9003       285.2079       285.8998       286.8415       287.7711       288.4900       288.7954       288.5880       287.8452       286.7826       285.6888       285.0510    
 1923   284.8963       285.1965       285.8836       286.8517       287.8030       288.5097       288.8132       288.6067       287.8558       286.7819       285.7160       285.0417    
 1924   284.8978       285.2190       285.9148       286.8392       287.8148       288.5262       288.8048       288.5797       287.8430       286.7625       285.7377       285.0920    
 1925   284.9688       285.2540       285.9262       286.8348       287.7992       288.5099       288.8205       288.5932       287.8357       286.7751       285.7336       285.0820    
 1926   284.9241       285.2569       285.9479       286.8486       287.7961       288.5107       288.8137       288.6026       287.8658       286.8053       285.7553       285.0812    
 1927   284.9428       285.2452       285.9620       286.8787       287.8210       288.5333       288.8304       288.6207       287.8712       286.8033       285.7592       285.0780    
 1928   284.9596       285.2115       285.9194       286.8814       287.8128       288.5353       288.8319       288.6174       287.8689       286.8032       285.7665       285.0991    
 1929   284.9304       285.2422       285.9320       286.8638       287.7986       288.5114       288.8278       288.6047       287.8625       286.7751       285.7309       285.0831    
 1930   284.9244       285.2274       285.8973       286.8430       287.7865       288.5091       288.7911       288.6104       287.8608       286.7957       285.7316       285.0643    
 1931   284.9407       285.2363       285.9132       286.8594       287.8023       288.5030       288.7982       288.5959       287.8648       286.7846       285.7502       285.0792    
 1932   284.9294       285.2444       285.9150       286.8647       287.8121       288.5397       288.8202       288.6210       287.8660       286.7939       285.7262       285.0925    
 1933   284.9415       285.2259       285.9215       286.8612       287.7979       288.5209       288.8150       288.5952       287.8612       286.7556       285.7067       285.0573    
 1934   284.8971       285.2200       285.9144       286.8616       287.7997       288.5057       288.8024       288.5730       287.8250       286.7953       285.7596       285.0782    
 1935   284.9377       285.2298       285.9352       286.8721       287.8318       288.5391       288.8396       288.6316       287.8916       286.8101       285.7698       285.1241    
 1936   284.9589       285.2889       285.9590       286.8918       287.8460       288.5716       288.8770       288.6679       287.9125       286.8327       285.7734       285.1290    
 1937   285.0279       285.3488       285.9925       286.9276       287.8744       288.6004       288.8872       288.6800       287.9194       286.8403       285.8008       285.1409    
 1938   285.0099       285.3212       285.9873       286.9067       287.8667       288.5992       288.8944       288.6841       287.9110       286.8433       285.7821       285.1308    
 1939   284.9863       285.2902       285.9900       286.9209       287.8600       288.5596       288.8712       288.6565       287.9038       286.8494       285.8146       285.1487    
 1940   284.9603       285.3178       285.9765       286.9270       287.8638       288.5720       288.8688       288.6698       287.8990       286.8428       285.7950       285.1378    
 1941   285.0054       285.3009       286.0276       286.9319       287.8893       288.5840       288.8917       288.6813       287.9339       286.8584       285.8448       285.1692    
 1942   285.0247       285.3215       286.0038       286.9446       287.8718       288.5820       288.8777       288.6549       287.9176       286.8374       285.7856       285.1322    
 1943   285.0163       285.3057       285.9700       286.8852       287.8370       288.5799       288.8750       288.6523       287.9189       286.8555       285.7894       285.1546    
 1944   285.0291       285.3120       285.9702       286.8904       287.8705       288.5672       288.8677       288.6557       287.9168       286.8569       285.7981       285.1562    
 1945   285.0175       285.3144       285.9946       286.9189       287.8695       288.5954       288.8713       288.6576       287.9257       286.8522       285.8461       285.1653    
 1946   285.0059       285.3210       286.0252       286.9322       287.8981       288.5958       288.8879       288.6720       287.9112       286.8608       285.8170       285.1646    
 1947   285.0211       285.3181       286.0184       286.9318       287.8935       288.6073       288.8993       288.6788       287.9222       286.8594       285.8414       285.1826    
 1948   285.0299       285.3481       286.0309       286.9374       287.8947       288.6074       288.9201       288.6945       287.9451       286.8940       285.8550       285.1873    
 1949   285.0619       285.3614       286.0398       286.9556       287.9173       288.6162       288.9165       288.7157       287.9480       286.8999       285.8456       285.1893    
 1950   285.0380       285.3552       286.0232       286.9595       287.8906       288.6161       288.8985       288.6899       287.9392       286.8839       285.8285       285.1718    
 1951   285.0539       285.3218       286.0005       286.9501       287.9017       288.5977       288.8918       288.6821       287.9261       286.8701       285.8255       285.1783    
 1952   285.0257       285.3253       286.0197       286.9413       287.8936       288.6021       288.8716       288.6537       287.8964       286.8490       285.8105       285.1869    
 1953   285.0239       285.3412       286.0040       286.9321       287.8767       288.5681       288.8614       288.6420       287.9013       286.8549       285.8161       285.1846    
 1954   285.0226       285.3156       286.0217       286.9450       287.9023       288.5950       288.8879       288.6801       287.9196       286.8752       285.8258       285.1815    
 1955   285.0246       285.3310       286.0275       286.9576       287.8841       288.5890       288.8680       288.6716       287.9307       286.8441       285.8179       285.1653    
 1956   285.0326       285.3303       286.0074       286.9482       287.8874       288.5910       288.8928       288.6868       287.9300       286.8683       285.8385       285.2034    
 1957   285.0587       285.3840       286.0611       286.9652       287.9012       288.6180       288.9139       288.6874       287.9538       286.8879       285.8473       285.1990    
 1958   285.0479       285.3707       286.0416       286.9735       287.9061       288.6115       288.8956       288.7068       287.9496       286.8826       285.8593       285.1971    
 1959   285.0663       285.3606       286.0406       286.9520       287.8994       288.5931       288.8976       288.6862       287.9537       286.9052       285.8656       285.2038    
 1960   285.0460       285.3647       286.0665       287.0041       287.9390       288.6407       288.9406       288.7139       287.9505       286.8910       285.8781       285.2215    
 1961   285.0810       285.3831       286.0493       286.9815       287.9216       288.6391       288.9085       288.6838       287.9299       286.8805       285.8652       285.2104    
 1962   285.0480       285.3759       286.0407       286.9684       287.8716       288.5840       288.8728       288.6592       287.9252       286.8826       285.8454       285.1744    
 1963   285.0269       285.3240       286.0229       286.9173       287.8474       288.5342       288.8154       288.5872       287.8359       286.7701       285.7243       285.0305    
 1964   284.8377       285.1411       285.8346       286.7763       287.6812       288.3707       288.6704       288.4713       287.7201       286.6571       285.6405       284.9951    
 1965   284.8572       285.1681       285.8667       286.8084       287.7209       288.4354       288.7172       288.5145       287.7554       286.6853       285.6690       285.0296    
 1966   284.9170       285.2183       285.8872       286.8256       287.7502       288.4904       288.7567       288.5525       287.8098       286.7474       285.7196       285.0455    
 1967   284.9068       285.2506       285.9312       286.8765       287.8130       288.5170       288.7801       288.5984       287.8400       286.7709       285.7517       285.1198    
 1968   284.9561       285.2815       285.9736       286.8869       287.8336       288.5279       288.8086       288.6163       287.8458       286.7692       285.7404       285.0894    
 1969   284.9740       285.2577       285.9435       286.8868       287.8110       288.5197       288.8036       288.5775       287.8234       286.7567       285.7480       285.1039    
 1970   284.9764       285.3190       285.9676       286.8739       287.8275       288.5425       288.8243       288.6060       287.8836       286.8199       285.8144       285.1269    
 1971   285.0165       285.3387       286.0165       286.9386       287.8723       288.5905       288.8851       288.6755       287.9351       286.8931       285.8380       285.1836    
 1972   285.0476       285.3712       286.0557       286.9883       287.9195       288.6250       288.9234       288.6845       287.9297       286.8573       285.8458       285.1941    
 1973   285.0584       285.3778       286.0565       286.9711       287.9253       288.6181       288.8914       288.6869       287.9286       286.8867       285.8566       285.2135    
 1974   285.0890       285.3878       286.0454       286.9884       287.9101       288.6268       288.9113       288.6961       287.9454       286.8992       285.8728       285.1938    
 1975   285.0782       285.3885       286.0622       286.9807       287.8953       288.5906       288.8915       288.6823       287.9321       286.8665       285.8271       285.1684    
 1976   285.0439       285.3389       286.0335       286.9619       287.9184       288.6270       288.9207       288.7001       287.9437       286.8847       285.8367       285.1915    
 1977   285.0685       285.3851       286.0720       286.9912       287.9483       288.6711       288.9451       288.7449       287.9810       286.9339       285.9124       285.2812    
 1978   285.1750       285.4609       286.1485       287.0966       288.0359       288.7218       288.9961       288.7787       288.0412       286.9875       285.9715       285.3051    
 1979   285.1964       285.4799       286.1706       287.0898       288.0159       288.7236       289.0285       288.8058       288.0881       287.0344       286.0128       285.3662    
 1980   285.1861       285.5105       286.1994       287.1265       288.0652       288.7729       289.0620       288.8559       288.0921       287.0398       286.0141       285.3728    
 1981   285.2375       285.5427       286.2226       287.1636       288.1102       288.8111       289.0797       288.8802       288.1440       287.0778       286.0656       285.4113    
 1982   285.2640       285.5612       286.2578       287.1453       288.0670       288.7587       289.0409       288.8017       288.0380       286.9604       285.9374       285.2690    
 1983   285.1400       285.4505       286.0984       287.0119       287.9193       288.5941       288.9046       288.7063       287.9540       286.8949       285.9040       285.2585    
 1984   285.1501       285.4381       286.1439       287.0685       288.0060       288.7077       289.0196       288.8197       288.0385       286.9920       285.9719       285.3209    
 1985   285.1991       285.5045       286.1817       287.1060       288.0479       288.7644       289.0349       288.8300       288.0814       287.0551       286.0121       285.3819    
 1986   285.2138       285.5243       286.2000       287.1273       288.0759       288.7837       289.0654       288.8615       288.1219       287.0573       286.0481       285.3986    
 1987   285.2855       285.5640       286.2559       287.1758       288.1253       288.8380       289.1133       288.9091       288.1796       287.1423       286.0984       285.4484    
 1988   285.3304       285.6349       286.2854       287.2031       288.1617       288.8743       289.1597       288.9358       288.2169       287.1636       286.1436       285.4683    
 1989   285.3432       285.5922       286.3202       287.2514       288.1953       288.9107       289.1996       288.9883       288.2798       287.2346       286.1985       285.5341    
 1990   285.3982       285.7055       286.3886       287.3047       288.2593       288.9659       289.2473       289.0337       288.3052       287.2734       286.2501       285.5896    
 1991   285.4345       285.7263       286.3954       287.2977       288.2435       288.9340       289.2122       288.9946       288.2134       287.1429       286.0831       285.3872    
 1992   285.1797       285.4918       286.1574       287.0422       287.9704       288.6580       288.9581       288.7423       287.9994       286.9840       285.9515       285.3038    
 1993   285.1708       285.4769       286.1685       287.1012       288.0528       288.7542       289.0542       288.8362       288.0986       287.0620       286.0178       285.3680    
 1994   285.2606       285.5569       286.2358       287.1628       288.1085       288.8221       289.1259       288.9384       288.1848       287.1317       286.1068       285.4574    
 1995   285.3045       285.6000       286.2816       287.2185       288.1785       288.8750       289.1874       288.9858       288.2626       287.2128       286.2164       285.5413    
 1996   285.3648       285.6964       286.3772       287.2965       288.2427       288.9666       289.2500       289.0512       288.3321       287.3177       286.2559       285.5990    
 1997   285.4624       285.7545       286.4306       287.3743       288.3155       289.0359       289.3264       289.1018       288.3759       287.3509       286.3370       285.6540    
 1998   285.4740       285.8005       286.4778       287.3957       288.3404       289.0473       289.3348       289.1183       288.3802       287.3571       286.3261       285.6073    
 1999   285.4797       285.7849       286.4818       287.3910       288.3468       289.0662       289.3578       289.1481       288.4297       287.4187       286.4048       285.7384    
 2000   285.5459       285.8653       286.5209       287.4572       288.3996       289.1192       289.4190       289.2222       288.4929       287.4566       286.4301       285.7726    
 2001   285.6195       285.9035       286.5840       287.5352       288.4716       289.1803       289.4865       289.2872       288.5465       287.5012       286.4766       285.8296    
 2002   285.7146       285.9512       286.6062       287.5404       288.4576       289.1788       289.4805       289.2850       288.5495       287.5362       286.5097       285.8598    
 2003   285.7047       285.9809       286.6124       287.5579       288.4778       289.1950       289.4919       289.2816       288.5698       287.5443       286.5304       285.8622    
 2004   285.6852       285.9943       286.6581       287.5808       288.5020       289.2087       289.5141       289.3147       288.5780       287.5802       286.5698       285.9042    
 2005   285.7239       286.0316       286.6880       287.5952       288.5306       289.2503       289.5417       289.3423       288.6063       287.5840       286.5757       285.8801    
 2006   285.7472       286.0610       286.6920       287.6019       288.5400       289.2419       289.5528       289.3567       288.6134       287.6046       286.5972       285.9261    
 2007   285.7439       286.0145       286.6980       287.5965       288.5339       289.2490       289.5348       289.3388       288.6230       287.6071       286.5923       285.8958    
 2008   285.7734       286.0452       286.6947       287.6184       288.5665       289.2887       289.5649       289.3425       288.6548       287.6536       286.6092       285.9564    
 2009   285.7780       286.0701       286.7600       287.6866       288.5977       289.3074       289.6142       289.4001       288.6811       287.6702       286.6260       285.9565    
 2010   285.7815       286.1032       286.7457       287.6876       288.6260       289.3222       289.6381       289.4180       288.6824       287.6712       286.6534       285.9767    
 2011   285.8105       286.0847       286.7607       287.6772       288.6134       289.3105       289.6086       289.4245       288.6863       287.6984       286.6680       286.0056    
 2012   285.8215       286.0979       286.7644       287.7066       288.6404       289.3513       289.6509       289.4482       288.7283       287.7487       286.7238       286.0658    
 2013   285.8947       286.1905       286.8451       287.7773       288.7060       289.4243       289.7200       289.5066       288.7895       287.7573       286.7431       286.0768    
 2014   285.9321       286.1991       286.8654       287.7974       288.7379       289.4326       289.7256       289.5361       288.8144       287.8077       286.8001       286.1137    
 2015   285.9514       286.2424       286.8989       287.8067       288.7363       289.4589       289.7626       289.5813       288.8528       287.8641       286.8757       286.1701    
 2016   286.0262       286.2889       286.9445       287.8534       288.7760       289.5013       289.7860       289.6075       288.8872       287.8595       286.8552       286.1949    
 2017   286.0278       286.2905       286.9861       287.8760       288.7870       289.5083       289.8224       289.6093       288.8849       287.8827       286.8846       286.2131    
 2018   286.0392       286.2871       286.9716       287.8968       288.8177       289.5156       289.8138       289.5950       288.8866       287.8780       286.8708       286.1968    
 2019   286.0281       286.3006       287.0233       287.9069       288.8219       289.5301       289.8424       289.6391       288.9311       287.9184       286.8922       286.2375    
 2020   286.0771       286.3720       287.0265       287.9362       288.8349       289.5425       289.8614       289.6720       288.9533       287.9814       286.9436       286.2734    
 2021   286.1341       286.3955       287.0647       287.9700       288.8880       289.6164       289.9278       289.7271       289.0223       288.0332       287.0339       286.3725    
 2022   286.1912       286.4797       287.1393       288.0393       288.9627       289.6457       289.9609       289.7815       289.0721       288.0518       287.0299       286.3745    
 2023   286.2215       286.4631       287.1199       288.0314       288.9531       289.6619       289.9663       289.7636       289.0645       288.0850       287.0891       286.3999    
 2024   286.2165       286.4881       287.1415       288.0565       288.9716       289.6914       289.9669       289.7736       289.0748       288.0873       287.0945       286.4207    
 2025   286.2306       286.5067       287.1924       288.0949       289.0036       289.7352       290.0415       289.8471       289.1738       288.1841       287.1917       286.5241    
 2026   286.3349       286.6270       287.3040       288.1863       289.1158       289.7953       290.1171       289.9194       289.1932       288.1971       287.1938       286.5374    
 2027   286.3669       286.6220       287.2826       288.1757       289.1074       289.7869       290.1168       289.9245       289.2306       288.2502       287.2538       286.5638    
 2028   286.4072       286.6785       287.3491       288.2347       289.1520       289.8496       290.1450       289.9455       289.2397       288.2787       287.2540       286.6131    
 2029   286.4346       286.6836       287.3569       288.2709       289.1539       289.8599       290.1707       289.9826       289.2821       288.2956       287.3002       286.6400    
 2030   286.4398       286.6944       287.3531       288.2368       289.1497       289.8473       290.1693       289.9862       289.2899       288.3085       287.2864       286.6186    
 2031   286.4227       286.6979       287.3591       288.2702       289.1982       289.9251       290.2288       290.0416       289.3127       288.3230       287.3446       286.6873    
 2032   286.5181       286.7686       287.4261       288.3201       289.2361       289.9429       290.2578       290.0657       289.3525       288.3709       287.3965       286.6891    
 2033   286.5227       286.7896       287.4365       288.3465       289.2605       289.9601       290.2521       290.0821       289.4004       288.4266       287.4506       286.7471    
 2034   286.5709       286.8569       287.4764       288.3871       289.3030       289.9919       290.3099       290.1457       289.4362       288.4545       287.4718       286.7945    
 2035   286.6028       286.8797       287.5183       288.4261       289.3482       290.0267       290.3594       290.1769       289.4630       288.4825       287.4988       286.8232    
 2036   286.6423       286.9386       287.5663       288.4403       289.3878       290.0680       290.4087       290.2204       289.5064       288.5161       287.5409       286.8798    
 2037   286.7001       286.9687       287.5842       288.4910       289.4141       290.1029       290.4409       290.2295       289.5408       288.5513       287.5557       286.8838    
 2038   286.6875       286.9585       287.5957       288.5149       289.4305       290.1269       290.4641       290.2913       289.5962       288.6411       287.6614       286.9673    
 2039   286.7935       287.0596       287.7115       288.6034       289.5073       290.2021       290.5111       290.3514       289.6559       288.6784       287.6873       287.0217    
 2040   286.8378       287.0953       287.7291       288.6154       289.5254       290.2234       290.5581       290.3753       289.7014       288.6956       287.7321       287.0691    
 2041   286.8902       287.1252       287.7558       288.6581       289.5563       290.2533       290.5677       290.3832       289.6881       288.7181       287.7283       287.0648    
 2042   286.8738       287.1300       287.7758       288.6511       289.5597       290.2725       290.5984       290.4269       289.7342       288.7624       287.7962       287.1198    
 2043   286.9170       287.1943       287.8314       288.7276       289.6453       290.3395       290.6717       290.4838       289.8108       288.8714       287.8794       287.1862    
 2044   287.0101       287.2595       287.8949       288.7787       289.6761       290.3820       290.7122       290.5359       289.8297       288.8535       287.8806       287.2081    
 2045   286.9955       287.2578       287.8709       288.7704       289.6827       290.3874       290.7114       290.5316       289.8572       288.8944       287.9260       287.2448    
 2046   287.0723       287.3138       287.9482       288.8397       289.7237       290.4470       290.7560       290.5778       289.8802       288.9355       287.9567       287.3152    
 2047   287.1334       287.3663       287.9976       288.8594       289.7875       290.5037       290.8244       290.6727       289.9735       289.0422       288.0675       287.3808    
 2048   287.1978       287.4168       288.0599       288.9543       289.8508       290.5496       290.8532       290.6673       289.9814       289.0262       288.0722       287.3923    
 2049   287.1675       287.3942       288.0702       288.9412       289.8333       290.5376       290.8665       290.6980       290.0095       289.0839       288.1184       287.4635    
 2050   287.2764       287.5028       288.1552       289.0394       289.9293       290.6219       290.9495       290.7850       290.0895       289.1526       288.2011       287.5040    
 2051   287.3385       287.5568       288.2056       289.0680       289.9753       290.6691       290.9935       290.8198       290.1226       289.1473       288.1603       287.5311    
 2052   287.3452       287.5767       288.2121       289.0772       289.9832       290.6892       291.0285       290.8580       290.1659       289.2285       288.2653       287.6284    
 2053   287.4450       287.6875       288.2637       289.1515       290.0444       290.7410       291.0993       290.8928       290.1978       289.2713       288.3116       287.6601    
 2054   287.4676       287.6904       288.2962       289.1770       290.0637       290.7713       291.1095       290.9482       290.2585       289.3022       288.3505       287.6639    
 2055   287.5056       287.7419       288.3666       289.2415       290.1399       290.8270       291.1577       290.9743       290.2995       289.3396       288.3907       287.7528    
 2056   287.5465       287.7570       288.3987       289.2778       290.1674       290.8731       291.2122       291.0246       290.3323       289.3807       288.4572       287.7932    
 2057   287.6035       287.8215       288.4372       289.3265       290.1986       290.9021       291.2313       291.0678       290.3836       289.4582       288.5002       287.8668    
 2058   287.6544       287.8838       288.5005       289.3886       290.2575       290.9762       291.3017       291.1354       290.4542       289.5009       288.5637       287.8964    
 2059   287.7049       287.9299       288.5463       289.3846       290.2606       290.9781       291.3218       291.1658       290.4768       289.5324       288.5926       287.9691    
 2060   287.7140       287.9819       288.5879       289.4630       290.3593       291.0677       291.4040       291.2458       290.5510       289.6145       288.6704       288.0204    
 2061   287.8344       288.0473       288.6322       289.5151       290.4134       291.1236       291.4696       291.2993       290.6161       289.6590       288.7296       288.0762    
 2062   287.8640       288.1112       288.6953       289.5524       290.4331       291.1490       291.5089       291.3318       290.6426       289.6986       288.7484       288.1077    
 2063   287.9187       288.1380       288.7470       289.5916       290.4846       291.1845       291.5316       291.3794       290.6975       289.7477       288.8074       288.1772    
 2064   287.9680       288.2144       288.7843       289.6589       290.5385       291.2569       291.5869       291.4137       290.7031       289.7791       288.8666       288.2050    
 2065   287.9968       288.2293       288.8301       289.6935       290.5862       291.2833       291.6299       291.4685       290.7814       289.8339       288.9109       288.2769    
 2066   288.0630       288.2980       288.8920       289.7540       290.6434       291.3236       291.6747       291.5247       290.8379       289.8918       288.9604       288.3118    
 2067   288.1245       288.3339       288.9495       289.8099       290.6711       291.3942       291.7422       291.5672       290.8857       289.9536       289.0188       288.3744    
 2068   288.1550       288.3784       288.9648       289.8502       290.7014       291.4139       291.7575       291.6028       290.8900       289.9471       289.0387       288.4152    
 2069   288.2400       288.4267       289.0034       289.8676       290.7546       291.4572       291.7922       291.6395       290.9460       290.0089       289.0924       288.4571    
 2070   288.2695       288.4917       289.0630       289.9030       290.7956       291.4806       291.8478       291.6603       290.9891       290.0645       289.1348       288.4930    
 2071   288.3322       288.5159       289.1231       289.9708       290.8530       291.5475       291.8877       291.7417       291.0541       290.1137       289.1907       288.5491    
 2072   288.3789       288.5564       289.1693       290.0239       290.9009       291.6218       291.9695       291.7883       291.0994       290.1516       289.2378       288.6010    
 2073   288.3947       288.6300       289.2067       290.0519       290.9362       291.6296       291.9927       291.8537       291.1704       290.2151       289.3012       288.6844    
 2074   288.4973       288.7007       289.2857       290.1210       290.9953       291.6878       292.0440       291.8922       291.1862       290.2488       289.3477       288.7193    
 2075   288.5483       288.7390       289.3128       290.1399       291.0182       291.7267       292.0999       291.9430       291.2671       290.3180       289.3876       288.7415    
 2076   288.5682       288.7476       289.3575       290.1880       291.0748       291.7755       292.1366       291.9869       291.2841       290.3448       289.4316       288.8217    
 2077   288.6518       288.8572       289.4003       290.2515       291.1279       291.8329       292.1826       292.0302       291.3407       290.4011       289.4743       288.8553    
 2078   288.6812       288.8650       289.4398       290.2822       291.1543       291.8625       292.2137       292.0489       291.3831       290.4514       289.5306       288.8991    
 2079   288.7151       288.9170       289.4759       290.3306       291.2053       291.9091       292.2997       292.1445       291.4635       290.5092       289.5829       288.9657    
 2080   288.7866       288.9777       289.5313       290.3761       291.2703       291.9704       292.3145       292.1402       291.4568       290.5171       289.6224       289.0068    
 2081   288.8366       289.0255       289.5877       290.4151       291.3013       292.0051       292.3659       292.2223       291.5450       290.5781       289.6671       289.0374    
 2082   288.8451       289.0872       289.6148       290.4559       291.3376       292.0713       292.4067       292.2493       291.5523       290.5939       289.6870       289.0822    
 2083   288.9052       289.1064       289.6770       290.4953       291.3676       292.0703       292.4273       292.2643       291.5883       290.6487       289.7299       289.1122    
 2084   288.9352       289.1456       289.6898       290.5247       291.3932       292.1173       292.4544       292.3187       291.6267       290.6891       289.7926       289.1786    
 2085   289.0010       289.1916       289.7447       290.5902       291.4726       292.1660       292.5355       292.3499       291.6908       290.7565       289.8372       289.2361    
 2086   289.0627       289.2600       289.8232       290.6154       291.4951       292.2112       292.5919       292.4335       291.7353       290.7846       289.9162       289.2840    
 2087   289.1042       289.2780       289.8817       290.6805       291.5512       292.2766       292.6280       292.4899       291.7796       290.8239       289.9269       289.3458    
 2088   289.1561       289.3329       289.9221       290.7350       291.5921       292.3155       292.6700       292.5305       291.8463       290.8971       289.9755       289.3798    
 2089   289.1960       289.3793       289.9258       290.7716       291.6308       292.3402       292.7310       292.5978       291.9021       290.9668       290.0717       289.4767    
 2090   289.2759       289.4704       290.0141       290.8129       291.6790       292.4236       292.7810       292.6476       291.9588       290.9994       290.1103       289.5265    
 2091   289.3514       289.5462       290.1110       290.9246       291.7525       292.4828       292.8524       292.7093       292.0013       291.0599       290.1676       289.5528    
 2092   289.3683       289.5792       290.1297       290.9560       291.8165       292.5371       292.8773       292.7371       292.0455       291.0958       290.2028       289.5957    
 2093   289.4160       289.5996       290.1680       290.9716       291.8224       292.5459       292.9160       292.7527       292.0812       291.1161       290.2234       289.6484    
 2094   289.4862       289.6620       290.2091       290.9799       291.8556       292.5872       292.9497       292.8274       292.1351       291.2012       290.2964       289.6779    
 2095   289.5153       289.6841       290.2297       291.0436       291.9032       292.6494       293.0173       292.8899       292.1842       291.2256       290.3564       289.7445    
 2096   289.5921       289.8022       290.3272       291.1305       291.9742       292.7087       293.1000       292.9492       292.2585       291.2964       290.4241       289.8204    
 2097   289.6680       289.8845       290.4143       291.2263       292.0717       292.7982       293.1732       293.0459       292.3251       291.3607       290.4911       289.8866    
 2098   289.7458       289.9251       290.4526       291.2386       292.0942       292.8277       293.1972       293.0562       292.3454       291.3865       290.4929       289.8792    
 2099   289.7397       289.9289       290.4743       291.2595       292.1021       292.8358       293.2275       293.0982       292.4039       291.4320       290.5488       289.9435    
 2100   289.8042       290.0235       290.5549       291.3314       292.1697       292.8918       293.2932       293.1493       292.4624       291.4963       290.6082       290.0377    
