# using minimal fraction of valid points 30.00
# tas [K] from Multi-model mean of historical+rcp26 experiments of bcc-csm1-1 bcc-csm1-1-m BNU-ESM CanESM2 CCSM4 CESM1-CAM5 CNRM-CM5 CSIRO-Mk3-6-0 EC-EARTH FGOALS-g2 FIO-ESM GFDL-CM3 GFDL-ESM2G GFDL-ESM2M GISS-E2-H GISS-E2-H GISS-E2-H GISS-E2-R GISS-E2-R GISS-E2-R HadGEM2-AO HadGEM2-ES IPSL-CM5A-LR IPSL-CM5A-MR MIROC5 MIROC-ESM MIROC-ESM-CHEM MPI-ESM-LR MPI-ESM-MR MRI-CGCM3 NorESM1-M NorESM1-ME
# cutting out region lon=    0.000  360.000, lat=  -90.000   90.000
 1861   284.7990       285.0946       285.8000       286.7014       287.6243       288.3331       288.6452       288.4274       287.6759       286.6055       285.5907       284.9303    
 1862   284.7939       285.1223       285.8269       286.7324       287.6271       288.3335       288.6378       288.4546       287.7007       286.6185       285.5523       284.9028    
 1863   284.8027       285.1185       285.8156       286.7191       287.6274       288.3249       288.6438       288.4394       287.6853       286.6298       285.5545       284.9232    
 1864   284.8134       285.1235       285.8284       286.7443       287.6496       288.3301       288.6443       288.4448       287.6861       286.6264       285.5608       284.9355    
 1865   284.8255       285.1628       285.8040       286.7172       287.6503       288.3456       288.6479       288.4406       287.6887       286.6257       285.5977       284.9571    
 1866   284.8016       285.0817       285.7771       286.7030       287.6511       288.3590       288.6628       288.4649       287.7220       286.6616       285.6096       284.9776    
 1867   284.8507       285.1425       285.8331       286.7642       287.6710       288.3669       288.6796       288.4723       287.7158       286.6737       285.6062       284.9682    
 1868   284.8268       285.1359       285.8120       286.7540       287.6748       288.3568       288.6826       288.4707       287.7358       286.6555       285.6450       285.0164    
 1869   284.8898       285.1917       285.8547       286.7811       287.7137       288.3875       288.7053       288.4941       287.7587       286.6968       285.6364       285.0028    
 1870   284.8556       285.1958       285.8607       286.7734       287.6897       288.4192       288.7098       288.5082       287.7787       286.7093       285.6606       285.0349    
 1871   284.8978       285.1917       285.8670       286.7863       287.7072       288.3886       288.6986       288.5183       287.7653       286.6862       285.6273       284.9958    
 1872   284.8605       285.1666       285.8601       286.7809       287.7079       288.4032       288.7041       288.5150       287.7575       286.6981       285.6649       285.0368    
 1873   284.8779       285.2046       285.8930       286.8201       287.7221       288.4209       288.7256       288.5477       287.8073       286.7476       285.7102       285.0477    
 1874   284.9230       285.2200       285.9136       286.8384       287.7494       288.4484       288.7517       288.5277       287.7953       286.7195       285.6835       285.0628    
 1875   284.8984       285.2293       285.9532       286.8353       287.7734       288.4587       288.7449       288.5239       287.8039       286.7399       285.6595       285.0067    
 1876   284.8691       285.1486       285.8641       286.7595       287.7039       288.4287       288.7240       288.5070       287.7612       286.6978       285.6415       284.9936    
 1877   284.8813       285.1911       285.8563       286.8112       287.7362       288.4239       288.7170       288.5216       287.7836       286.6976       285.6419       285.0075    
 1878   284.8818       285.2038       285.8855       286.7784       287.7047       288.4033       288.7116       288.5049       287.7504       286.6846       285.6152       284.9696    
 1879   284.8451       285.1962       285.8686       286.7984       287.7169       288.4236       288.7345       288.4893       287.7560       286.6887       285.6819       285.0094    
 1880   284.9020       285.1988       285.8978       286.8069       287.7391       288.4293       288.7492       288.5267       287.7787       286.6975       285.6495       285.0312    
 1881   284.8946       285.2008       285.9200       286.8309       287.7357       288.4359       288.7554       288.5578       287.8106       286.7550       285.7232       285.0905    
 1882   284.9616       285.2711       285.9164       286.8179       287.7447       288.4646       288.7416       288.5620       287.7998       286.7370       285.6821       285.0517    
 1883   284.8846       285.1954       285.8565       286.7862       287.7172       288.4290       288.7188       288.5157       287.7615       286.6563       285.5545       284.8680    
 1884   284.6805       284.9894       285.6537       286.5134       287.4079       288.0831       288.3377       288.1509       287.3788       286.3110       285.2599       284.6400    
 1885   284.5269       284.8195       285.4874       286.4583       287.3785       288.0686       288.4033       288.1913       287.4472       286.3625       285.3482       284.6853    
 1886   284.5453       284.9025       285.5965       286.5044       287.4692       288.1700       288.5141       288.3036       287.5493       286.4556       285.4039       284.7689    
 1887   284.5896       284.9740       285.6514       286.5559       287.4806       288.1948       288.5030       288.3155       287.5709       286.4952       285.4494       284.7913    
 1888   284.6850       284.9789       285.6791       286.6121       287.5684       288.2688       288.5603       288.3541       287.5815       286.5156       285.4614       284.8219    
 1889   284.6963       284.9844       285.6900       286.6126       287.5457       288.2516       288.5512       288.3708       287.6250       286.5599       285.5400       284.8660    
 1890   284.7395       285.0815       285.7399       286.6484       287.5431       288.2423       288.5369       288.3303       287.5641       286.4968       285.4425       284.7881    
 1891   284.6688       284.9432       285.6588       286.5758       287.4882       288.2007       288.4952       288.2992       287.5745       286.4871       285.4500       284.7758    
 1892   284.7043       284.9926       285.7124       286.6235       287.5558       288.2546       288.5521       288.3537       287.6069       286.5218       285.4973       284.8700    
 1893   284.7491       285.0703       285.7700       286.6818       287.6279       288.3213       288.6185       288.4263       287.6745       286.5870       285.5505       284.9157    
 1894   284.7856       285.0891       285.7700       286.7197       287.6526       288.3513       288.6500       288.4497       287.7072       286.6439       285.6182       284.9821    
 1895   284.8381       285.1926       285.8319       286.7740       287.6917       288.3882       288.6867       288.5128       287.7434       286.6828       285.6516       285.0116    
 1896   284.8473       285.1820       285.8814       286.7899       287.7225       288.4201       288.6959       288.4782       287.7255       286.6530       285.6480       284.9749    
 1897   284.8260       285.1322       285.8263       286.7724       287.6989       288.3758       288.6738       288.4759       287.7278       286.6637       285.5934       284.9323    
 1898   284.8170       285.1187       285.8219       286.7588       287.6563       288.3486       288.6827       288.4850       287.7392       286.6751       285.6479       285.0286    
 1899   284.8788       285.1705       285.8839       286.7780       287.6984       288.3925       288.7297       288.5131       287.7710       286.6856       285.6728       285.0487    
 1900   284.8869       285.2229       285.9015       286.8060       287.7368       288.4204       288.7188       288.5105       287.7653       286.7058       285.6612       285.0200    
 1901   284.9268       285.1920       285.8640       286.8101       287.7157       288.4131       288.7509       288.5237       287.7676       286.7086       285.6842       285.0397    
 1902   284.9495       285.2399       285.8975       286.7654       287.7023       288.3965       288.7052       288.5308       287.7620       286.6941       285.6305       284.9163    
 1903   284.7792       285.0436       285.7250       286.6102       287.5164       288.1881       288.4714       288.2671       287.5278       286.4521       285.4486       284.7967    
 1904   284.6901       285.0177       285.6859       286.5875       287.5229       288.2376       288.5362       288.3339       287.5938       286.5225       285.4970       284.8703    
 1905   284.7295       285.0371       285.7379       286.6667       287.6124       288.3003       288.6031       288.3910       287.6516       286.5779       285.5393       284.9224    
 1906   284.7887       285.0483       285.7890       286.6886       287.6429       288.3304       288.6459       288.4277       287.7076       286.6341       285.5968       284.9448    
 1907   284.8556       285.1758       285.8295       286.7190       287.6700       288.3502       288.6406       288.4360       287.6837       286.6467       285.5968       284.9800    
 1908   284.8692       285.1956       285.8669       286.7871       287.7109       288.3920       288.6657       288.4609       287.7133       286.6559       285.6009       284.9933    
 1909   284.8546       285.1452       285.8535       286.7773       287.7099       288.4077       288.6842       288.4769       287.7392       286.6914       285.6561       284.9838    
 1910   284.8766       285.1970       285.8889       286.8008       287.7185       288.4310       288.7469       288.5327       287.7838       286.7051       285.6779       285.0305    
 1911   284.9060       285.2249       285.8889       286.8046       287.7166       288.4308       288.7262       288.5163       287.7756       286.6974       285.6804       285.0443    
 1912   284.9034       285.1972       285.9176       286.8059       287.7341       288.4106       288.6926       288.4491       287.6875       286.6255       285.5964       284.9762    
 1913   284.8340       285.1586       285.8038       286.7409       287.6315       288.3173       288.6263       288.4199       287.6880       286.6031       285.5757       284.9566    
 1914   284.8275       285.1465       285.8284       286.7884       287.7115       288.3880       288.6977       288.5053       287.7602       286.6917       285.6660       285.0520    
 1915   284.8922       285.2253       285.9313       286.8384       287.7574       288.4510       288.7583       288.5487       287.7779       286.7081       285.6995       285.0448    
 1916   284.8896       285.2399       285.9362       286.8311       287.7740       288.4463       288.7461       288.5443       287.7942       286.7151       285.6976       285.0537    
 1917   284.9127       285.2304       285.9351       286.8468       287.7752       288.4733       288.7544       288.5514       287.8044       286.7571       285.7081       285.0979    
 1918   284.9426       285.2585       285.9289       286.8635       287.7753       288.4821       288.8039       288.6382       287.8783       286.8004       285.7727       285.1145    
 1919   284.9632       285.2124       285.9201       286.8433       287.7698       288.4888       288.7969       288.6041       287.8493       286.7935       285.7648       285.1221    
 1920   285.0033       285.3282       285.9883       286.9103       287.8043       288.5209       288.8173       288.6183       287.8639       286.7950       285.7842       285.1305    
 1921   285.0374       285.3211       286.0169       286.9223       287.8267       288.5012       288.8073       288.6166       287.8690       286.7731       285.7440       285.1469    
 1922   285.0000       285.3138       285.9983       286.9213       287.8193       288.5164       288.8213       288.6203       287.9015       286.8327       285.7563       285.1393    
 1923   284.9938       285.3031       285.9849       286.9279       287.8306       288.5224       288.8387       288.6327       287.8951       286.8301       285.7863       285.1219    
 1924   285.0107       285.3267       286.0272       286.9328       287.8654       288.5487       288.8387       288.6230       287.8915       286.8225       285.8036       285.1928    
 1925   285.0885       285.3749       286.0399       286.9062       287.8480       288.5368       288.8372       288.6252       287.8714       286.8251       285.7701       285.1499    
 1926   285.0053       285.3510       286.0222       286.9134       287.8353       288.5357       288.8482       288.6363       287.8990       286.8571       285.8033       285.1777    
 1927   285.0534       285.3590       286.0614       286.9652       287.8673       288.5657       288.8705       288.6620       287.9318       286.8666       285.8343       285.1752    
 1928   285.0619       285.3203       286.0060       286.9466       287.8506       288.5628       288.8697       288.6612       287.9207       286.8566       285.8437       285.1896    
 1929   285.0258       285.3190       286.0021       286.9179       287.8273       288.5197       288.8445       288.6316       287.8944       286.8270       285.7923       285.1698    
 1930   285.0294       285.3323       286.0103       286.9286       287.8263       288.5336       288.8223       288.6362       287.8977       286.8604       285.8024       285.1603    
 1931   285.0445       285.3244       286.0171       286.9344       287.8353       288.5096       288.8441       288.6476       287.9163       286.8430       285.8379       285.1939    
 1932   285.0521       285.3575       286.0070       286.9392       287.8700       288.5624       288.8482       288.6720       287.9217       286.8531       285.8042       285.2023    
 1933   285.0710       285.3468       286.0189       286.9371       287.8399       288.5395       288.8433       288.6183       287.8987       286.8029       285.7559       285.1348    
 1934   284.9908       285.3301       285.9955       286.9289       287.8344       288.5065       288.8272       288.6207       287.8906       286.8553       285.8502       285.1759    
 1935   285.0737       285.3624       286.0567       286.9615       287.8882       288.5645       288.8878       288.6808       287.9574       286.8893       285.8528       285.2253    
 1936   285.0802       285.3970       286.0491       286.9678       287.9015       288.6042       288.9236       288.7175       287.9633       286.9167       285.8648       285.2364    
 1937   285.1159       285.4499       286.0886       287.0174       287.9431       288.6313       288.9286       288.7272       287.9680       286.9049       285.8846       285.2365    
 1938   285.1107       285.4255       286.0978       286.9853       287.9139       288.6147       288.9227       288.7135       287.9523       286.8980       285.8672       285.2225    
 1939   285.0850       285.3664       286.0867       287.0051       287.8976       288.5841       288.8992       288.6927       287.9403       286.9024       285.8759       285.2374    
 1940   285.0617       285.4160       286.0630       286.9715       287.8736       288.5771       288.8932       288.7112       287.9453       286.8866       285.8700       285.2182    
 1941   285.1038       285.3957       286.1136       286.9977       287.9290       288.6018       288.9213       288.7097       287.9779       286.9204       285.9197       285.2474    
 1942   285.1353       285.4229       286.0914       287.0176       287.9115       288.6088       288.9157       288.6983       287.9671       286.9062       285.8690       285.2469    
 1943   285.1178       285.4065       286.0663       286.9566       287.8672       288.5855       288.8885       288.6833       287.9613       286.9074       285.8669       285.2535    
 1944   285.1342       285.4151       286.0727       286.9575       287.9044       288.5936       288.9093       288.7080       287.9808       286.9427       285.8962       285.2616    
 1945   285.1373       285.4244       286.1014       287.0076       287.9197       288.6148       288.9084       288.6960       287.9711       286.9223       285.9264       285.2682    
 1946   285.1309       285.4157       286.1163       287.0080       287.9341       288.6138       288.9305       288.7175       287.9683       286.9274       285.8779       285.2575    
 1947   285.1326       285.4426       286.1097       287.0025       287.9327       288.6232       288.9188       288.7173       287.9749       286.9217       285.8983       285.2716    
 1948   285.1163       285.4353       286.1099       287.0060       287.9520       288.6366       288.9617       288.7416       288.0082       286.9649       285.9527       285.2734    
 1949   285.1659       285.4779       286.1477       287.0447       287.9642       288.6399       288.9315       288.7403       287.9789       286.9344       285.9141       285.2603    
 1950   285.1193       285.4316       286.0832       287.0112       287.9148       288.6131       288.9152       288.7030       287.9660       286.9107       285.8772       285.2605    
 1951   285.1328       285.4015       286.0713       287.0058       287.9218       288.5946       288.9099       288.7032       287.9679       286.9152       285.9037       285.2611    
 1952   285.1111       285.4160       286.1092       286.9997       287.9412       288.6165       288.9062       288.6853       287.9402       286.9215       285.8936       285.3010    
 1953   285.1174       285.4587       286.0952       286.9849       287.9061       288.5779       288.8865       288.6714       287.9436       286.8904       285.8658       285.2555    
 1954   285.0976       285.3888       286.0981       287.0023       287.9428       288.6100       288.9220       288.7211       287.9657       286.9301       285.8832       285.2626    
 1955   285.1270       285.4301       286.1136       287.0115       287.9353       288.6051       288.9068       288.7076       287.9636       286.9103       285.8919       285.2682    
 1956   285.1382       285.4323       286.0774       287.0151       287.9250       288.6027       288.9338       288.7317       287.9947       286.9472       285.9164       285.3038    
 1957   285.1582       285.4921       286.1569       287.0385       287.9510       288.6528       288.9577       288.7431       288.0125       286.9567       285.9215       285.2960    
 1958   285.1631       285.4791       286.1396       287.0520       287.9545       288.6405       288.9328       288.7537       287.9992       286.9612       285.9329       285.2887    
 1959   285.1697       285.4488       286.1099       287.0227       287.9512       288.6119       288.9250       288.7290       288.0100       286.9606       285.9383       285.2918    
 1960   285.1599       285.4511       286.1410       287.0596       287.9740       288.6586       288.9810       288.7523       288.0099       286.9666       285.9491       285.3192    
 1961   285.1763       285.4796       286.1575       287.0543       287.9552       288.6543       288.9465       288.7351       287.9864       286.9621       285.9364       285.3066    
 1962   285.1483       285.4784       286.1339       287.0495       287.9356       288.6180       288.9065       288.6941       287.9699       286.9369       285.9283       285.2780    
 1963   285.1363       285.4235       286.0999       287.0007       287.8985       288.5473       288.8369       288.6219       287.8748       286.8097       285.7786       285.1085    
 1964   284.9092       285.2107       285.9094       286.8210       287.7166       288.3841       288.7021       288.5072       287.7713       286.7094       285.7047       285.0668    
 1965   284.9458       285.2495       285.9295       286.8594       287.7436       288.4412       288.7315       288.5414       287.7983       286.7445       285.7234       285.1056    
 1966   285.0298       285.2939       285.9585       286.8979       287.7914       288.5089       288.7888       288.5993       287.8588       286.8113       285.7910       285.1450    
 1967   285.0037       285.3476       286.0236       286.9676       287.8624       288.5378       288.8093       288.6423       287.8846       286.8328       285.8322       285.2216    
 1968   285.0535       285.3812       286.0645       286.9543       287.8652       288.5351       288.8328       288.6522       287.8947       286.8427       285.8088       285.1719    
 1969   285.0627       285.3561       286.0155       286.9272       287.8365       288.5106       288.8106       288.5947       287.8614       286.8274       285.8179       285.2006    
 1970   285.0733       285.3972       286.0449       286.9283       287.8553       288.5492       288.8564       288.6376       287.9245       286.8733       285.8796       285.2161    
 1971   285.1316       285.4269       286.0956       287.0135       287.9188       288.6015       288.9043       288.7056       287.9839       286.9553       285.9011       285.2719    
 1972   285.1393       285.4548       286.1341       287.0565       287.9570       288.6490       288.9538       288.7172       287.9832       286.9299       285.9160       285.2815    
 1973   285.1667       285.4680       286.1396       287.0348       287.9655       288.6340       288.9283       288.7294       287.9796       286.9492       285.9422       285.3052    
 1974   285.1935       285.5011       286.1458       287.0618       287.9594       288.6468       288.9540       288.7502       288.0023       286.9755       285.9624       285.2989    
 1975   285.1848       285.4891       286.1625       287.0523       287.9373       288.6066       288.9135       288.7096       287.9687       286.9377       285.9066       285.2711    
 1976   285.1528       285.4634       286.1406       287.0413       287.9599       288.6533       288.9630       288.7439       288.0056       286.9576       285.9287       285.3197    
 1977   285.1783       285.4937       286.1718       287.0781       287.9980       288.6904       288.9804       288.7719       288.0257       286.9877       285.9751       285.3810    
 1978   285.2591       285.5515       286.2233       287.1443       288.0595       288.7340       289.0198       288.8156       288.0842       287.0411       286.0361       285.3836    
 1979   285.2933       285.5749       286.2700       287.1656       288.0474       288.7451       289.0715       288.8563       288.1444       287.1025       286.0910       285.4528    
 1980   285.2901       285.6077       286.3024       287.1968       288.1253       288.8123       289.1103       288.9071       288.1640       287.1217       286.1142       285.4965    
 1981   285.3620       285.6518       286.3434       287.2374       288.1400       288.8336       289.1225       288.9408       288.2102       287.1511       286.1383       285.4904    
 1982   285.3692       285.6691       286.3528       287.2208       288.1068       288.7839       289.0901       288.8531       288.0922       287.0050       286.0095       285.3513    
 1983   285.2522       285.5302       286.1699       287.0695       287.9441       288.6030       288.9251       288.7309       288.0032       286.9397       285.9835       285.3468    
 1984   285.2292       285.5276       286.2119       287.1352       288.0316       288.7138       289.0354       288.8469       288.0758       287.0540       286.0391       285.4117    
 1985   285.2863       285.6050       286.2711       287.1635       288.0741       288.7766       289.0572       288.8670       288.1388       287.1200       286.0915       285.4685    
 1986   285.3177       285.6490       286.3042       287.2015       288.1177       288.8100       289.1137       288.9293       288.1840       287.1455       286.1440       285.5068    
 1987   285.4051       285.6859       286.3573       287.2591       288.1636       288.8547       289.1459       288.9428       288.2346       287.2096       286.1896       285.5655    
 1988   285.4463       285.7652       286.4166       287.2926       288.2096       288.8908       289.1906       288.9829       288.2821       287.2428       286.2296       285.5561    
 1989   285.4380       285.6819       286.4023       287.3200       288.2367       288.9329       289.2454       289.0320       288.3337       287.3097       286.2881       285.6534    
 1990   285.5232       285.8234       286.5052       287.3990       288.3155       288.9887       289.3024       289.0859       288.3576       287.3475       286.3328       285.6893    
 1991   285.5425       285.8297       286.4919       287.3917       288.2847       288.9603       289.2638       289.0326       288.2620       287.2062       286.1327       285.4763    
 1992   285.2787       285.5738       286.2221       287.0770       287.9720       288.6443       288.9781       288.7507       288.0279       287.0193       286.0025       285.3798    
 1993   285.2781       285.5819       286.2395       287.1644       288.0833       288.7565       289.0740       288.8598       288.1438       287.1065       286.0654       285.4423    
 1994   285.3543       285.6475       286.3012       287.2173       288.1293       288.8256       289.1480       288.9613       288.2189       287.1840       286.1554       285.5355    
 1995   285.4021       285.7105       286.3659       287.2859       288.2195       288.8956       289.2067       289.0186       288.3134       287.2725       286.2892       285.6376    
 1996   285.4926       285.8188       286.4735       287.3692       288.2901       288.9990       289.3024       289.0999       288.3922       287.3958       286.3322       285.6946    
 1997   285.5624       285.8744       286.5138       287.4513       288.3764       289.0650       289.3651       289.1467       288.4219       287.4178       286.4282       285.7643    
 1998   285.5907       285.8907       286.5711       287.4767       288.3918       289.0792       289.3697       289.1621       288.4403       287.4305       286.4156       285.7160    
 1999   285.6025       285.8960       286.5939       287.4706       288.3936       289.1021       289.4098       289.2035       288.5007       287.4978       286.4758       285.8336    
 2000   285.6664       285.9605       286.6186       287.5334       288.4594       289.1581       289.4727       289.2802       288.5551       287.5345       286.5156       285.8718    
 2001   285.7271       286.0232       286.6845       287.6134       288.5141       289.1999       289.5194       289.3203       288.5933       287.5723       286.5814       285.9541    
 2002   285.8325       286.1033       286.7422       287.6367       288.5131       289.2234       289.5500       289.3573       288.6283       287.6315       286.6275       285.9830    
 2003   285.8333       286.1180       286.7450       287.6621       288.5502       289.2454       289.5648       289.3528       288.6640       287.6412       286.6291       285.9907    
 2004   285.8118       286.1150       286.7586       287.6684       288.5545       289.2534       289.5829       289.3836       288.6559       287.6562       286.6565       286.0323    
 2005   285.8463       286.1679       286.8115       287.7082       288.5929       289.2974       289.6074       289.4262       288.6853       287.6718       286.6925       286.0091    
 2006   285.8976       286.1924       286.8302       287.7011       288.5864       289.2845       289.5842       289.3980       288.6968       287.6985       286.6790       286.0206    
 2007   285.8838       286.1555       286.8225       287.6980       288.6155       289.3115       289.6137       289.4391       288.7265       287.7184       286.7147       286.0760    
 2008   285.9061       286.1993       286.8493       287.7309       288.6347       289.3311       289.6324       289.4321       288.7086       287.7171       286.7253       286.0700    
 2009   285.9231       286.1881       286.8237       287.7246       288.6343       289.3196       289.6575       289.4718       288.7374       287.7369       286.7417       286.0764    
 2010   285.9449       286.2507       286.8498       287.7368       288.6585       289.3269       289.6510       289.4657       288.7602       287.7628       286.7657       286.0995    
 2011   285.9111       286.2212       286.8670       287.7753       288.6884       289.3895       289.6976       289.5083       288.7798       287.7891       286.7999       286.1527    
 2012   285.9813       286.2993       286.9182       287.8526       288.7350       289.4071       289.7545       289.5638       288.8505       287.8237       286.8285       286.1608    
 2013   285.9922       286.2727       286.9383       287.8210       288.7397       289.4380       289.7614       289.5732       288.8683       287.8757       286.8756       286.2228    
 2014   286.0777       286.3557       286.9999       287.8901       288.8044       289.4921       289.7925       289.5920       288.8916       287.9024       286.9127       286.2515    
 2015   286.1023       286.3560       287.0068       287.8948       288.7905       289.4864       289.8315       289.6313       288.9102       287.8927       286.9230       286.2847    
 2016   286.1009       286.3938       287.0534       287.9245       288.8102       289.5062       289.8297       289.6359       288.9419       287.9215       286.9151       286.2849    
 2017   286.1063       286.3617       287.0246       287.9201       288.8271       289.5160       289.8406       289.6581       288.9435       287.9435       286.9082       286.2390    
 2018   286.1375       286.3969       287.0832       287.9724       288.8410       289.5400       289.8474       289.6668       288.9535       287.9651       286.9616       286.3120    
 2019   286.1675       286.4192       287.0823       287.9623       288.8669       289.5670       289.8802       289.6862       288.9832       288.0083       286.9993       286.3119    
 2020   286.1637       286.4605       287.1033       287.9960       288.8987       289.5652       289.8891       289.7164       288.9786       288.0042       286.9966       286.3517    
 2021   286.1927       286.4602       287.0918       287.9921       288.9194       289.5886       289.9265       289.7533       289.0314       288.0321       287.0299       286.3649    
 2022   286.2080       286.5149       287.1344       287.9951       288.9084       289.6102       289.9572       289.7506       289.0570       288.0874       287.0748       286.4124    
 2023   286.2411       286.5295       287.1651       288.0711       288.9531       289.6535       289.9910       289.8151       289.0989       288.1046       287.1124       286.3948    
 2024   286.2503       286.5403       287.1842       288.0584       288.9716       289.6557       289.9845       289.7894       289.0844       288.1062       287.1148       286.4417    
 2025   286.2994       286.5628       287.2017       288.1067       288.9755       289.6862       289.9901       289.8235       289.1271       288.1255       287.1104       286.4611    
 2026   286.2865       286.5737       287.2415       288.1161       289.0133       289.7076       290.0384       289.8426       289.1412       288.1459       287.1479       286.5101    
 2027   286.3295       286.6152       287.2571       288.1478       289.0188       289.7000       290.0232       289.8448       289.1359       288.1390       287.1737       286.5004    
 2028   286.3108       286.5870       287.2379       288.1195       289.0421       289.7133       290.0302       289.8373       289.1331       288.1459       287.1396       286.5031    
 2029   286.3691       286.5801       287.2819       288.1295       289.0310       289.7274       290.0479       289.8632       289.1724       288.1871       287.1865       286.5488    
 2030   286.3857       286.6758       287.2880       288.1735       289.0580       289.7593       290.0725       289.8845       289.1800       288.2099       287.2141       286.5834    
 2031   286.3991       286.6552       287.2889       288.1542       289.0500       289.7545       290.0924       289.9214       289.2109       288.2312       287.2322       286.5654    
 2032   286.3974       286.6653       287.2969       288.2023       289.0817       289.7546       290.1041       289.8978       289.2024       288.2089       287.2137       286.5539    
 2033   286.4041       286.6495       287.3168       288.1718       289.0647       289.7718       290.1169       289.9437       289.2166       288.2139       287.2547       286.5916    
 2034   286.4469       286.6941       287.3182       288.2030       289.0858       289.7689       290.1096       289.9169       289.2290       288.2324       287.2696       286.5956    
 2035   286.4352       286.6972       287.3253       288.2079       289.0855       289.7702       290.1204       289.9109       289.2299       288.2683       287.2959       286.6171    
 2036   286.4789       286.7173       287.3340       288.2335       289.1252       289.8092       290.1337       289.9447       289.2549       288.2742       287.2906       286.6161    
 2037   286.4422       286.7171       287.3518       288.2093       289.1372       289.8455       290.1679       289.9831       289.2974       288.3382       287.3073       286.6667    
 2038   286.4995       286.7635       287.4319       288.2932       289.1778       289.8778       290.1967       290.0233       289.3186       288.3262       287.3610       286.6660    
 2039   286.4795       286.7490       287.3824       288.2807       289.1695       289.8640       290.1797       289.9871       289.3094       288.3393       287.3782       286.6998    
 2040   286.5310       286.7603       287.4078       288.2875       289.1858       289.8610       290.2038       290.0341       289.3386       288.3897       287.3839       286.7395    
 2041   286.5334       286.7875       287.4524       288.3446       289.2250       289.9084       290.2284       290.0376       289.3517       288.3790       287.3751       286.6912    
 2042   286.5375       286.7805       287.4425       288.2936       289.2045       289.8939       290.2104       290.0344       289.3270       288.3469       287.3530       286.6853    
 2043   286.5297       286.7675       287.4166       288.2728       289.1839       289.8725       290.2046       290.0220       289.3286       288.3802       287.3757       286.7391    
 2044   286.5625       286.7989       287.4600       288.3157       289.1782       289.8860       290.2177       290.0237       289.3426       288.3342       287.3661       286.7139    
 2045   286.5630       286.8107       287.4289       288.3350       289.2080       289.9000       290.2140       290.0196       289.3461       288.3853       287.4070       286.7628    
 2046   286.5610       286.8522       287.5064       288.3813       289.2316       289.9054       290.2346       290.0657       289.3766       288.4148       287.4046       286.7278    
 2047   286.5436       286.8432       287.4677       288.3189       289.2171       289.9115       290.2372       290.0655       289.3817       288.3959       287.4051       286.7691    
 2048   286.5799       286.8543       287.4904       288.3614       289.2594       289.9323       290.2487       290.0587       289.3761       288.3957       287.4228       286.7644    
 2049   286.5552       286.8244       287.4783       288.3549       289.2488       289.9195       290.2708       290.0854       289.4062       288.4225       287.4659       286.7953    
 2050   286.6042       286.8535       287.4914       288.3711       289.2459       289.9611       290.2868       290.0901       289.3789       288.4165       287.3980       286.7335    
 2051   286.5992       286.8649       287.4573       288.3601       289.2348       289.9303       290.2441       290.0413       289.3568       288.4026       287.4095       286.7517    
 2052   286.5839       286.8319       287.4857       288.3658       289.2575       289.9643       290.2708       290.0812       289.3949       288.4438       287.4574       286.7684    
 2053   286.6097       286.8482       287.4821       288.4024       289.2636       289.9604       290.2787       290.0961       289.3824       288.4021       287.4647       286.7492    
 2054   286.5860       286.8421       287.4690       288.3598       289.2284       289.9358       290.2724       290.0974       289.3944       288.3941       287.4180       286.7391    
 2055   286.5665       286.8440       287.4572       288.3498       289.2408       289.9363       290.2704       290.0847       289.3895       288.4360       287.4245       286.8158    
 2056   286.6541       286.8976       287.5458       288.3979       289.2633       289.9428       290.2646       290.0799       289.3990       288.4273       287.4731       286.7797    
 2057   286.6046       286.8585       287.4898       288.3803       289.2253       289.9131       290.2458       290.0875       289.3755       288.4039       287.4188       286.7575    
 2058   286.6103       286.8564       287.4809       288.3554       289.2486       289.9319       290.2569       290.0652       289.3846       288.4102       287.4394       286.7610    
 2059   286.6332       286.8549       287.5004       288.3658       289.2592       289.9470       290.2740       290.0862       289.3791       288.4177       287.4529       286.8010    
 2060   286.6603       286.8868       287.5083       288.3728       289.2842       289.9548       290.2900       290.1171       289.4142       288.4441       287.4580       286.7736    
 2061   286.6176       286.8665       287.5394       288.4237       289.3015       289.9773       290.3133       290.1193       289.4239       288.4288       287.4374       286.8076    
 2062   286.6302       286.9242       287.5231       288.3972       289.2952       289.9527       290.2883       290.1166       289.4208       288.4401       287.4309       286.7867    
 2063   286.6207       286.8780       287.5137       288.3873       289.2698       289.9604       290.2864       290.1010       289.4000       288.4106       287.4106       286.7492    
 2064   286.5829       286.8274       287.4466       288.3415       289.2267       289.9280       290.2244       290.0514       289.3579       288.3766       287.4164       286.7806    
 2065   286.6485       286.8798       287.4923       288.3558       289.2459       289.9203       290.2558       290.0752       289.3961       288.4053       287.4355       286.7842    
 2066   286.5697       286.8333       287.4531       288.3483       289.2601       289.9340       290.2579       290.0814       289.4106       288.4272       287.4509       286.7782    
 2067   286.6193       286.8700       287.5334       288.4016       289.2519       289.9639       290.2703       290.0721       289.3774       288.4090       287.4059       286.7692    
 2068   286.5897       286.8725       287.4796       288.3595       289.2722       289.9216       290.2414       290.0704       289.3748       288.3645       287.4042       286.7871    
 2069   286.5944       286.8431       287.4847       288.3737       289.2541       289.9435       290.2553       290.0650       289.3777       288.4125       287.4262       286.7695    
 2070   286.5908       286.8790       287.5007       288.3502       289.2447       289.9204       290.2574       290.0835       289.3957       288.3995       287.4595       286.7867    
 2071   286.6590       286.8942       287.5054       288.3897       289.2693       289.9384       290.2612       290.0721       289.3702       288.3972       287.4145       286.7494    
 2072   286.5803       286.8299       287.4633       288.3494       289.2250       289.9157       290.2423       290.0621       289.3657       288.3946       287.4416       286.7607    
 2073   286.5890       286.8439       287.4680       288.3532       289.2437       289.9222       290.2443       290.0628       289.3617       288.4111       287.4308       286.7530    
 2074   286.5932       286.8630       287.4444       288.3557       289.2484       289.9207       290.2609       290.0556       289.3676       288.4002       287.3983       286.7520    
 2075   286.5816       286.8525       287.4856       288.3462       289.2561       289.9516       290.2671       290.1018       289.3701       288.4201       287.4355       286.7912    
 2076   286.6085       286.8842       287.5111       288.3794       289.2606       289.9487       290.2706       290.0808       289.3906       288.4122       287.4281       286.7523    
 2077   286.5970       286.8296       287.4949       288.3648       289.2544       289.9258       290.2588       290.0598       289.3470       288.3803       287.3693       286.7531    
 2078   286.5732       286.8344       287.4495       288.3225       289.2149       289.9366       290.2381       290.0569       289.3632       288.3902       287.4305       286.7657    
 2079   286.6008       286.8471       287.4538       288.3366       289.2376       289.9272       290.2537       290.0536       289.3546       288.3872       287.3780       286.7271    
 2080   286.5809       286.8275       287.4801       288.3159       289.2174       289.9097       290.2581       290.0478       289.3619       288.3737       287.4103       286.7260    
 2081   286.5587       286.8483       287.4652       288.3279       289.2297       289.9207       290.2324       290.0466       289.3420       288.3772       287.3935       286.7173    
 2082   286.5840       286.8466       287.4706       288.3548       289.2382       289.9264       290.2283       290.0497       289.3610       288.3898       287.3791       286.7502    
 2083   286.6128       286.8264       287.4638       288.3236       289.2482       289.9170       290.2261       290.0374       289.3249       288.3719       287.3749       286.7252    
 2084   286.5684       286.8240       287.4532       288.3283       289.2084       289.8994       290.2204       290.0517       289.3285       288.3755       287.3598       286.7209    
 2085   286.5473       286.8136       287.4499       288.3376       289.2182       289.9057       290.2308       290.0305       289.3552       288.3711       287.3836       286.7068    
 2086   286.5633       286.8216       287.4734       288.3604       289.2373       289.9232       290.2311       290.0488       289.3644       288.3794       287.4002       286.7362    
 2087   286.5912       286.8532       287.5084       288.3640       289.2398       289.9245       290.2573       290.0651       289.3750       288.3867       287.4354       286.7538    
 2088   286.5598       286.8482       287.4937       288.3846       289.2466       289.9279       290.2465       290.0616       289.3614       288.3768       287.3903       286.7571    
 2089   286.5998       286.8611       287.4716       288.3117       289.2238       289.9288       290.2374       290.0657       289.3439       288.3760       287.3884       286.7404    
 2090   286.5795       286.8735       287.4864       288.3752       289.2423       289.9263       290.2615       290.0702       289.3850       288.4004       287.3936       286.7043    
 2091   286.5418       286.7952       287.4199       288.3117       289.2247       289.9177       290.2551       290.0653       289.3803       288.3977       287.4190       286.7764    
 2092   286.6057       286.8912       287.5137       288.3725       289.2574       289.9264       290.2572       290.0632       289.3520       288.3850       287.3987       286.7424    
 2093   286.5954       286.8566       287.5049       288.3824       289.2422       289.9236       290.2623       290.0684       289.3839       288.3907       287.3885       286.7666    
 2094   286.6180       286.8481       287.5014       288.3629       289.2387       289.9329       290.2618       290.0871       289.3947       288.3945       287.4131       286.7385    
 2095   286.6257       286.8871       287.4940       288.3578       289.2556       289.9092       290.2474       290.0599       289.3544       288.3653       287.3723       286.6945    
 2096   286.5741       286.8387       287.4631       288.3214       289.2239       289.9101       290.2351       290.0721       289.3861       288.4016       287.4056       286.7314    
 2097   286.5832       286.8692       287.5026       288.3853       289.2654       289.9368       290.2418       290.0527       289.3670       288.4007       287.3945       286.7729    
 2098   286.5755       286.8208       287.4353       288.3069       289.2388       289.9243       290.2433       290.0411       289.3622       288.3877       287.3860       286.7560    
 2099   286.5891       286.8418       287.4711       288.3531       289.2433       289.9257       290.2418       290.0593       289.3517       288.3825       287.3972       286.7410    
 2100   286.5591       286.8197       287.4862       288.3529       289.2514       289.9359       290.2285       290.0340       289.3327       288.3739       287.3869       286.7257    
